"","gRNA_name","Seq","SOURCEPLATEID","SOURCECOLONYCOLUMN","SOURCECOLONYROW","GENE","Control.gRNA","Location_1536","BASAL_GT_RND1_R1","BASAL_GT_RND1_R2","BASAL_GT_RND1_R3","BASAL_GT_RND2_R1","BASAL_GT_RND2_R2","BASAL_GT_RND2_R3","BASAL_GT_RND1_MEAN","BASAL_GT_RND2_MEAN","BASAL_GT_RND1_SD","BASAL_GT_RND2_SD","BASAL_GT_RND1_2_MEAN","BASAL_GT_RND1_2_MED","BASAL_GT_RND1_2_SD","FA_GT_RND1_R1","FA_GT_RND1_R2","FA_GT_RND1_R3","FA_GT_RND2_R1","FA_GT_RND2_R2","FA_GT_RND2_R3","FA_GT_RND1_MEAN","FA_GT_RND2_MEAN","FA_GT_RND1_SD","FA_GT_RND2_SD","FA_GT_RND1_2_MEAN","FA_GT_RND1_2_MED","FA_GT_RND1_2_SD","LPI_GT_RND1_R1","LPI_GT_RND1_R2","LPI_GT_RND1_R3","LPI_GT_RND2_R1","LPI_GT_RND2_R2","LPI_GT_RND2_R3","LPI_GT_RND1_MEAN","LPI_GT_RND2_MEAN","LPI_GT_RND1_SD","LPI_GT_RND2_SD","LPI_GT_RND1_2_MEAN","LPI_GT_RND1_2_MED","LPI_GT_RND1_2_SD","n_BASAL","n_LPI","P.value","P.adj"
"23935","AFG3-TRg-2","CTGGGCCTATGATTTAGATG","R2877.H.016",16,"J","AFG3",0,"S31",0.00381455840916889,0.0140414972207392,-0.0359858718566621,0.0163479263203818,-0.00580591465902081,0.034038383466779,-0.00604327207558468,0.01486013170938,0.026430418661104,0.0199637715096071,0.00440842981689767,0.00892802781495405,0.0238732772851738,-0.141685319639529,-0.0472602990385673,-0.134818562563113,-0.103316339583088,-0.0481436737477339,-0.0931293000699929,-0.10792139374707,-0.0815297711336048,0.0526461242316283,0.0293584326472733,-0.0947255824403372,-0.0982228198265402,0.0407721486912092,-0.145499878048698,-0.0613017962593065,-0.0988326907064505,-0.119664265903469,-0.0423377590887131,-0.127167683536772,-0.101878121671485,-0.0963899028429848,0.0421815745506892,0.046960632474119,-0.0991340122572349,-0.10924847830496,0.0400358671362405,6,6,0.000786405452281214,0.0223083773530089
"33635","ALG14-NRg-1","ACCGCCGATTACAGTTATTG","R2877.H.022",18,"O","ALG14",0,"AC35",0.0683155777440265,-0.00728105899805098,0.00976497257583331,0.0344172775666112,-0.0031779681931916,0.0454673663877223,0.0235998304406029,0.0255688919203806,0.0396518012299844,0.0255012272357739,0.0245843611804918,0.0220911250712222,0.0298361246387404,-0.111079064313044,-0.0497258707653967,-0.0820456770028133,-0.100758497265828,0.00282838363427373,-0.0435634409864076,-0.0809502040270846,-0.0471645182059871,0.0306912631770701,0.0518872459426107,-0.0640573611165359,-0.065885773884105,0.0423808652658937,-0.17939464205707,-0.0424448117673457,-0.0918106495786466,-0.135175774832439,0.00600635182746534,-0.0890308073741299,-0.104550034467688,-0.0727334101263678,0.0693580056634376,0.0719882079915997,-0.0886417222970277,-0.0904207284763883,0.0655806624785348,6,6,0.0100662227308503,0.0769592840405604
"26129","AOS1-NRg-3","AAACTAATTGCCCTTTAGTA","R2877.H.018",9,"A","AOS1",0,"A17",-0.0510655675688347,0.109838426534282,-0.0439403692914995,-0.01854123927211,0.0389153696683289,0.0215123884486488,0.0049441632246493,0.0139621729482892,0.0909109287658847,0.0294630241711545,0.00945316808646925,0.00148557458826937,0.0606427576448088,-0.0697448851416236,0.0270952057900868,-0.0751405792638762,-0.124345694388566,-0.0479833332861568,-0.099541343172914,-0.039263419538471,-0.0906234569492123,0.0575315456544248,0.038954448645923,-0.0649434382438416,-0.0724427322027499,0.0521755417674587,-0.0186793175727888,-0.0827432207441953,-0.0312002099723767,-0.105804455116456,-0.0868987029544857,-0.121053731621563,-0.0442075827631203,-0.104585629897501,0.0339549662432002,0.0171101036524617,-0.0743966063303109,-0.0848209618493405,0.0408892494985957,6,6,0.00250177097413923,0.0381458290947628
"21725","ATP12-NRg-2","AATTTCTCAGATGAGCAGAT","R2877.H.015",15,"C","ATP12",0,"E29",0.0525187016000266,0.00660540628350947,0.0357277969590237,0.00706570471454659,0.0208202756244649,0.0471341352621377,0.0316173016141866,0.0250067052003831,0.0232310094634386,0.0203596273561766,0.0283120034072848,0.0282740362917443,0.0198692648629223,-0.173631376414272,-0.228506429632823,-0.123773149298187,-0.0661622187461437,-0.00521949220056817,-0.0708106703618787,-0.175303651781761,-0.0473974604361969,0.0523866622442384,0.0366010625388148,-0.111350556108979,-0.0972919098300329,0.0808801471276065,-0.226150078014299,-0.235111835916333,-0.159500946257211,-0.0732279234606903,-0.026039767825033,-0.117944805624016,-0.206920953395947,-0.0724041656365799,0.0413106654987794,0.0459580561590972,-0.139662559516264,-0.138722875940614,0.0834021310320038,6,6,0.0055133476676635,0.0575459683631856
"1837","ATP4-TRg-9","TTTTCTCTTCACCGCTCATT","R2877.H.002",7,"D","ATP4",0,"G13",0.0286686180450526,0.00821837611943166,-0.0103631827244222,-0.00612641272637937,-0.00531408767902186,0.029168334291011,0.0088412704800207,0.00590927796186991,0.0195233543702237,0.0201470281676295,0.0073752742209453,0.0014521442202049,0.0178158529961095,-0.121451206803954,-0.0470568050628053,-0.0712907242737733,-0.0764129270603391,-0.0190114808246378,-0.0638549105683954,-0.0799329120468443,-0.0530931061511241,0.0379426845351595,0.0301760473426231,-0.0665130090989842,-0.0675728174210843,0.0340030735572467,-0.150119824849007,-0.055275181182237,-0.0609275415493511,-0.0702865143339597,-0.0136973931456159,-0.0930232448594064,-0.088774182526865,-0.059002384112994,0.0532020034243736,0.0408490683328562,-0.0738882833199295,-0.0656070279416554,0.0454482982635282,6,6,0.00405703872619745,0.0494301926168563
"18665","ATP5-TRg-8","ATTTGAAATATCATTTACCC","R2877.H.013",21,"C","ATP5",0,"E41",-0.0770888657664537,-0.0107605047355011,0.00418361151461011,0.037175856421432,-0.0200545427228236,0.0468154354762622,-0.0278885863291149,0.0213122497249569,0.0432588982194228,0.0361474620015277,-0.00328816830207901,-0.00328844661044547,0.0446923393239826,-0.170063396884228,-0.162728415187527,-0.0698371584491824,0.0114499767217537,-0.0327599722829277,-0.023506564225088,-0.134209656840313,-0.0149388532620873,0.0558687247121301,0.0233170356415277,-0.0745742550512,-0.051298565366055,0.0757209138658924,-0.0929745311177743,-0.151967910452026,-0.0740207699637925,-0.0257258796996782,-0.0127054295601041,-0.0703219997013502,-0.106321070511198,-0.0362511029870442,0.0406514054235308,0.0302159317686377,-0.071286086749121,-0.0721713848325714,0.0499915575159734,6,6,0.00682540069882351,0.0650193921735637
"32275","CAT8-NRg-4","TAACAAAATCTACTATTTTA","R2877.H.022",10,"A","CAT8",0,"A19",0.0592389812831586,-0.0220074052119474,0.012304986801301,0.0196741045915974,0.0621596881631912,-0.0108296881015586,0.0165121876241707,0.02366803488441,0.0407862628062563,0.0366582306074255,0.0200901112542903,0.0159895456964492,0.0349041528616702,-0.159124625023558,-0.117141558429652,-0.0322028828359624,-0.0704295536201194,-0.0800794206127406,-0.0147850914833634,-0.102823022096391,-0.0550980219054078,0.0646610201128067,0.0352438541117918,-0.0789605220008992,-0.07525448711643,0.0534094879477572,-0.218363606306716,-0.0951341532177046,-0.0445078696372634,-0.0901036582117167,-0.142239108775932,-0.00395540338180478,-0.119335209720561,-0.0787660567898178,0.0894188047622556,0.069835533211137,-0.0990506332551896,-0.0926189057147107,0.0751188830351803,6,6,0.0119557583527109,0.0832899209228965
"16653","CCA1-NRg-4","AATCAGATGACCTAAGGGTT","R2877.H.011",23,"N","CCA1",0,"AA45",0.015002997,-0.019902311,0.004889389,-0.0113650675919232,-0.0046755249823982,0.0107973403967367,-3.30833333333277e-06,-0.00174775072586157,0.0179596491346691,0.0113675845515608,-0.00087552952959745,0.000106932008800898,0.0134766952183826,-0.0659899628585645,-0.0688154745535967,-0.105252126733123,-0.0588466213804844,-0.0899849726730082,-0.125643896883902,-0.080019188048428,-0.0914918303124647,0.021897985639868,0.0334241225558585,-0.0857555091804463,-0.0794002236133025,0.0260415812430953,-0.0809929598585645,-0.0489131635535967,-0.110141515733123,-0.0474815537885611,-0.08530944769061,-0.136441237280638,-0.0800158797150947,-0.0897440795866031,0.0306258680180675,0.0446453333708279,-0.0848799796508489,-0.0831512037745873,0.0346532999190984,6,6,0.000730265625683342,0.0221830153852054
"14155","CCT3-NRg-5","TATCACATAAGATTATATCA","R2877.H.010",22,"D","CCT3",0,"G43",0.0145937772530347,0.0140690375015569,0.00773854908701543,0.0508403799948127,0.0248985742924912,0.0438430401351608,0.0121337879472023,0.0398606648074883,0.00381542021673471,0.0134215798515708,0.0259972263773453,0.0197461757727629,0.017564521199981,-0.0465339435065082,0.0191646811381099,-0.0545387275197715,-0.116129644195281,-0.0642794093496586,0.00380598284903089,-0.0273026632960566,-0.0588676902319694,0.0404404465337284,0.0601506748630854,-0.043085176764013,-0.0505363355131399,0.0489930468390389,-0.0611277207595429,0.00509564363655302,-0.0622772766067869,-0.166970024190093,-0.0891779836421498,-0.0400370572861299,-0.0394364512432589,-0.0987283550394577,0.0385702083926171,0.0640031383381358,-0.0690824031413583,-0.0617024986831649,0.0573435613976451,6,6,0.013047050630109,0.0870289842552758
"9349","CDC28-TRg-5","ATACATATATGGCCTTATTA","R2877.H.007",19,"B","CDC28",0,"C37",0.0821157460743205,-0.00769722832459596,0.0420524398995992,0.0201265300203977,-0.0106113518368482,0.0145301143122458,0.0388236525497746,0.00801509749859841,0.0449934594514347,0.0163718791935771,0.0234193750241865,0.0173283221663217,0.0346659782495345,-0.0465436175888001,-0.0162733537091755,0.025997083188418,-0.03431491807053,-0.140057671827743,-0.113287507370758,-0.0122732960365192,-0.095886699089677,0.0364354039822657,0.0549770278358683,-0.0540799975630981,-0.040429267829665,0.0619464708619114,-0.128659363663121,-0.00857612538457952,-0.0160553567111812,-0.0544414480909277,-0.129446319990895,-0.127817621683004,-0.0510969485862938,-0.103901796588275,0.0672750392026767,0.0428416586940077,-0.0774993725872846,-0.0911295348869657,0.0581467199376192,6,6,0.0096269258753308,0.075011195082608
"30831","CDC5-TRg-2","AATAAATATCTCGAGGACCT","R2877.H.021",8,"B","CDC5",0,"C15",0.0762419200024962,-0.000144987786866002,0.0413524951493327,0.0578370840643421,0.0604388130294349,0.0558196992335374,0.0391498091216543,0.0580318654424381,0.038241061566169,0.00231570894194466,0.0485908372820462,0.0568283916489397,0.0263449451378231,-0.108667916015589,-0.13875230032699,-0.10520026527021,0.0318176599832263,-0.00842045741921393,-0.137808093010781,-0.117540160537596,-0.0381369634822563,0.0184518916714943,0.0886314113006339,-0.0778385620099263,-0.106934090642899,0.0719017389285003,-0.184909836018085,-0.138607312540124,-0.146552760419542,-0.0260194240811158,-0.0688592704486488,-0.193627792244319,-0.156689969659251,-0.0961688289246944,0.0247599107123595,0.0870775531219174,-0.126429399291972,-0.142580036479833,0.0661593826846754,6,6,0.00296764606680183,0.0416728321311497
"30147","CDC7-TRg-6","TTTAGCTCGATAAACGCCTT","R2877.H.020",2,"K","CDC7",0,"U3",0.0531148126107754,0.041722575313208,0.0286451332250341,0.0207865565464112,0.0228742739384089,0.123345269228109,0.0411608403830059,0.0556686999043096,0.0122445074179854,0.0586189232889556,0.0484147701436577,0.0351838542691211,0.0386986543455091,-0.0158169259112042,0.00371593101968237,0.00585647128997158,-0.116301932163512,-0.173041238633979,-0.0421477757031981,-0.00208150786718342,-0.110496982166896,0.0119432725747674,0.0656395288134393,-0.0562892450170398,-0.0289823508072011,0.0728467591684607,-0.0689317385219796,-0.0380066442935256,-0.0227886619350626,-0.137088488709923,-0.195915512572388,-0.165493044931307,-0.0432423482501893,-0.166165682071206,0.0235128757528272,0.0294192796422725,-0.104704015160698,-0.103010113615951,0.0714169695215161,6,6,0.00811184085862032,0.0700218742013724
"32263","CET1-NRg-3","GGTCTATATATCATTTGTAA","R2877.H.022",4,"A","CET1",0,"A7",0.0889802044021213,0.03039925202389,0.0121888962116374,0.0752950455705439,0.060655398067244,0.0268344209518301,0.0438561175458829,0.0542616215298726,0.0401253246174934,0.0248549455524721,0.0490588695378778,0.045527325045567,0.0303908925762057,-0.10462956452599,-0.115745014999101,-0.0347961064372786,-0.0962313571223676,-0.142767929995991,0.0331539955448785,-0.0850568953207899,-0.0686150971911599,0.0438805023239218,0.0911543983082703,-0.0768359962559749,-0.100430460824179,0.0646138448304824,-0.193609768928112,-0.146144267022991,-0.046985002648916,-0.171526402692912,-0.203423328063234,0.00631957459304844,-0.128913012866673,-0.122876718721033,0.0748157243596352,0.113018207013709,-0.125894865793853,-0.158835334857951,0.0857853958743793,6,6,0.00898771154007393,0.0732627395871308
"14917","CFT2-NRg-1","TGCAGATTGTTTAAGAAAAG","R2877.H.010",19,"L","CFT2",0,"W37",0.0345440823908545,0.136943091818691,0.0151254178856246,-0.00493472003519924,0.0252032315722241,0.00555558619713037,0.0622041973650566,0.00860803257805176,0.0654499647891827,0.0152990883210127,0.0354061149715542,0.0201643247289244,0.0516610942751554,-0.048529781442658,-0.0452111820228929,-0.0337450035527134,-0.0743712419465341,-0.010418906338026,-0.148374871875071,-0.0424953223394214,-0.0777216733865438,0.00775753405915681,0.0690389828281114,-0.0601084978629826,-0.0468704817327754,0.047988466700617,-0.0830738638335125,-0.182154273841584,-0.048870421438338,-0.0694365219113349,-0.0356221379102502,-0.153930458072202,-0.104699519704478,-0.0863297059645955,0.0692235369780367,0.0609364374203047,-0.0955146128345368,-0.0762551928724237,0.0591886307321154,6,6,0.00512867675300064,0.0553026777429925
"14445","CIA1-TRg-2","CTAAAACTTTCTGCTCTCAG","R2877.H.010",23,"G","CIA1",0,"M45",0.00786330207924024,-0.013783872815325,-0.0141753043842949,0.00750955050137936,0.00571338913921959,0.00272240552800462,-0.00669862504012656,0.00531511505620119,0.012612517422807,0.00241829608049342,-0.000691754991962686,0.00421789733361211,0.0104531567480857,-0.0971226597965487,-0.0221554022312,-0.0651903237536477,-0.0989712154943674,-0.0598269333093193,-0.121474109597377,-0.0614894619271322,-0.0934240861336879,0.0376204028475447,0.0311956979274515,-0.07745677403041,-0.0811564917750982,0.0355152443156614,-0.104985961875789,-0.00837152941587505,-0.0510150193693528,-0.106480765995747,-0.0655403224485389,-0.124196515125382,-0.0547908368870056,-0.0987392011898891,0.0484177626324552,0.0300846489769815,-0.0767650190384473,-0.0852631421621639,0.0433495554121386,6,6,0.00289738198159225,0.0410521182073965
"113","CIN4-NRg-2","TTTAGATTTTGTCATGGAAA","R2877.H.001",9,"B","CIN4",0,"C17",0.0966481753368831,0.0701726594872121,0.00122523370428751,0.0919533989010204,0.0586362130470006,0.0499525705423769,0.0560153561761276,0.066847394163466,0.0492616115777384,0.0221717166046882,0.0614313751697968,0.0644044362671063,0.0346773192600232,-0.0358004150635809,-0.061494100038217,0.010228057411287,-0.0172671668487347,-0.0463065974579822,-0.143289843355617,-0.0290221525635036,-0.0689545358874447,0.0363383488781868,0.0659933753100879,-0.0489883442254742,-0.0410535062607815,0.0524272738656458,-0.132448590400464,-0.131666759525429,0.00900282370699945,-0.109220565749755,-0.104942810504983,-0.193242413897994,-0.0850375087396312,-0.135801930050911,0.081442255063842,0.0497908795455938,-0.110419719395271,-0.120443662637592,0.0664672624653958,6,6,0.00499536612944923,0.0547592524852002
"23905","CIT1-NRg-10","GTCGGATAAGTCGATAGTAT","R2877.H.016",1,"J","CIT1",0,"S1",0.134769168332903,0.0727997736434483,0.104185119393976,0.0206319972913664,0.0935879656450687,0.137041697062948,0.103918020456776,0.083753886666461,0.0309855607650733,0.0588246239447866,0.0938359535616184,0.0988865425195223,0.043475904024215,0.033670736290206,0.0196287071287218,-0.141157228032955,-0.101386372861876,0.0558527724685407,-0.0824855066909114,-0.0292859282046757,-0.0426730356947487,0.097137456419728,0.0858476082437662,-0.0359794819497122,-0.0314283997810948,0.0823162396276283,-0.101098432042697,-0.0531710665147265,-0.245342347426931,-0.122018370153242,-0.037735193176528,-0.219527203753859,-0.133203948661451,-0.12642692236121,0.100027613436876,0.0909761522425791,-0.129815435511331,-0.11155840109797,0.0855958638973817,6,6,0.00799625682884338,0.0699756166395112
"32279","COG3-NRg-1","TTGGGTAAAACAATTCATGC","R2877.H.022",12,"A","COG3",0,"A23",-0.000684271723609964,0.0125250548224962,-0.0231145978298453,0.0394772551933273,0.0608950733631068,0.0376604071365279,-0.003757938243653,0.046010911897654,0.0180175408894281,0.0129220327778809,0.0211264868270005,0.025092730979512,0.0306549476861778,-0.127847591076086,-0.169532026615586,-0.153067789613279,-0.0437917252744806,-0.174326088942734,-0.109093224414059,-0.150149135768317,-0.109070346210424,0.0209949266910296,0.0652671848414507,-0.129609740989371,-0.140457690344682,0.0488515816634262,-0.127163319352476,-0.182057081438082,-0.129953191783434,-0.083268980467808,-0.235221162305841,-0.146753631550587,-0.146391197524664,-0.155081258108078,0.0309190443503565,0.0763176153610385,-0.150736227816371,-0.13835341166701,0.0522953289793354,6,6,0.000505482214164135,0.0186882894523765
"32281","COR1-NRg-15","GGTGCAGAAAGCGTGCTGTC","R2877.H.022",13,"A","COR1",0,"A25",-0.0158922330938607,-0.0134781746907533,-0.0424397017914804,0.155214732977089,0.0565296903927841,0.0653300082682948,-0.0239367031920314,0.0923581438793892,0.0160694628837373,0.0546129517003547,0.0342107203436789,0.0215257578510154,0.073168765801593,-0.01691236134325,-0.18522920773234,-0.12226142853972,-0.0829257413773754,-0.161953297078202,-0.0928419023937463,-0.108134332538437,-0.112573646949774,0.0850430557168792,0.0430504929986877,-0.110353989744105,-0.107551665466733,0.060333893981497,-0.00102012824938935,-0.171751033041587,-0.0798217267482393,-0.238140474354464,-0.218482987470986,-0.158171910662041,-0.0841976293464051,-0.204931790829164,0.0854495281171994,0.0416709610229506,-0.144564710087784,-0.164961471851814,0.0893770533408591,6,6,0.00648067702589904,0.0633548152969038
"21055","COX11-TRg-1","GAAACATGATATATCTTTTA","R2877.H.014",16,"L","COX11",0,"W31",0.0379906170626476,0.0299497308496501,-0.0041784530072817,0.00647796240613396,-0.00154335811482365,0.0143836367412911,0.0212539649683387,0.00643941367753379,0.0223890570555704,0.0079635674034966,0.0138466893229362,0.0104307995737125,0.0170797128674757,-0.0760880216404232,-0.0618422222619937,0.00350472473032637,-0.12258602229123,-0.0497816079445557,-0.0337324531564602,-0.0448085063906968,-0.0687000277974152,0.0424424542881025,0.0473515484888679,-0.056754267094056,-0.0558119151032747,0.0422924800248793,-0.114078638703071,-0.0917919531116438,0.00768317773760807,-0.129063984697364,-0.048238249829732,-0.0481160898977513,-0.0660624713590355,-0.075139441474949,0.0648304686021684,0.0467000642619664,-0.0706009564169922,-0.0700151014706879,0.0507766844176042,6,6,0.00750749717229987,0.0682508739666941
"6277","CWC2-TRg-2","TAATAAAGACTACTGGCGAT","R2877.H.005",19,"B","CWC2",0,"C37",0.0615483494407789,0.195173396771717,0.0708469308755524,0.110416075688125,0.021987073839832,-0.0134921539485415,0.109189559029349,0.0396369985264717,0.0746091895737656,0.0638118501847911,0.0744132787779105,0.0661976401581656,0.0728468321816129,-0.0265374921690671,0.000869489690840552,0.0138216999812828,0.0265682139096248,0.0171920889614312,-0.0657743575287597,-0.00394876749898125,-0.00733801821923456,0.0206064989631346,0.0508240321470513,-0.0056433928591079,0.00734559483606168,0.0347351424844391,-0.088085841609846,-0.194303907080876,-0.0570252308942696,-0.0838478617784997,-0.0047949848784008,-0.0522822035802182,-0.113138326528331,-0.0469750167457062,0.0719866583772991,0.0397927632945723,-0.0800566716370184,-0.0704365463363846,0.0633994658210665,6,6,0.0122195577705656,0.0840069018684324
"32265","DBP6-NRg-3","CATCACCCGGCATTAGCGTT","R2877.H.022",5,"A","DBP6",0,"A9",-0.0263108291175043,-0.0129747247365903,-0.0272867532963181,0.0326498403522066,0.0110586633597738,-0.0088541978732648,-0.0221907690501376,0.0116181019462385,0.00799623108674632,0.0207576739039895,-0.00528633355194952,-0.0109144613049276,0.0232559717581031,-0.133858673800945,-0.142913253705273,-0.0476137275194795,-0.121879790586703,-0.030816731124911,-0.0416643586655248,-0.108128551675233,-0.0647869601257129,0.052602559930694,0.0497404385118436,-0.0864577559004727,-0.0847467590530913,0.0515752293379168,-0.107547844683441,-0.129938528968683,-0.0203269742231613,-0.15452963093891,-0.0418753944846848,-0.03281016079226,-0.085937782625095,-0.0764050620719515,0.0579130323852652,0.0678095185867046,-0.0811714223485232,-0.0747116195840629,0.0566399318568646,6,6,0.00744388767615264,0.0680234154470516
"20459","DID4-NRg-3","TTCGCAGTTATCATCTAACC","R2877.H.014",6,"F","DID4",0,"K11",0.0384879672355956,0.00852121059676714,0.0256136461213845,0.0390261747561662,0.0121476857047149,0.0628806979056118,0.0242076079845824,0.0380181861221643,0.0150327753024616,0.0253815220693873,0.0311128970533734,0.03205080667849,0.0201321141187287,-0.0927818350980774,-0.0252174961000913,-0.0765135091767672,-0.0285795727919924,-0.0202125108055056,0.00159877680144738,-0.064837613458312,-0.0157311022653502,0.0352630101052062,0.0155802908484983,-0.0402843578618311,-0.0268985344460418,0.0363032363613055,-0.131269802333673,-0.0337387066968584,-0.102127155298152,-0.0676057475481586,-0.0323601965102205,-0.0612819211041644,-0.0890452214428944,-0.0537492883875145,0.0500642726809684,0.0187914244730125,-0.0713972549152044,-0.0644438343261615,0.0389558786346127,6,6,0.00233259906279132,0.0370381563138198
"12415","DML1-TRg-4","TTAAAATGGAAAATTTCGAA","R2877.H.009",16,"B","DML1",0,"C31",0.0915290275359317,0.105212814917453,0.0368334226080202,-0.00112955092751488,-0.0381873142877835,0.183121905759669,0.077858421687135,0.0479350135147903,0.0361814789824393,0.118532448436864,0.0628967176009627,0.064181225071976,0.0800764597651047,0.00589577907899952,-0.0200106413866641,-0.00503779121994152,-0.0410051978104078,-0.0704972942354507,-0.0514243321353463,-0.00638421784253536,-0.0543089413937349,0.013005587407859,0.0149561581235354,-0.0303465796181351,-0.0305079195985359,0.0290889416461571,-0.0856332484569322,-0.125223456304117,-0.0418712138279618,-0.0398756468828929,-0.0323099799476672,-0.234546237895016,-0.0842426395296704,-0.102243954908525,0.0416935177976432,0.114639567303884,-0.0932432972190978,-0.063752231142447,0.0777781854622255,6,6,0.0165790499135371,0.0980160033523054
"31423","ECO1-TRg-5","CTTGATCATCCTTCGACTTA","R2877.H.021",16,"H","ECO1",0,"O31",-0.0173631189423227,0.00813516767266931,-0.0130214788435272,-0.0165464728554108,-2.05698857129732e-05,-0.0459357189035954,-0.00741647670439353,-0.020834253881573,0.0136419460418901,0.0232559460553602,-0.0141253652929833,-0.014783975849469,0.0185684601087112,-0.13252626618723,-0.126859945314069,-0.154943870273206,-0.0230948386306313,-0.0875620782920017,-0.148377841655927,-0.138110027258168,-0.0863449195261867,0.0148512794415368,0.0626503696585659,-0.112227473392177,-0.129693105750649,0.0496199520486802,-0.115163147244907,-0.134995112986738,-0.141922391429679,-0.00654836577522055,-0.0875415084062887,-0.102442122752332,-0.130693550553775,-0.0655106656446136,0.0138885516472589,0.0516035045456076,-0.0981021080991941,-0.108802634998619,0.0491626684062524,6,6,0.00208059398801307,0.0347218530275688
"18457","EMP70-NRg-4","AGTTAAAATCACTCATTCTC","R2877.H.013",13,"A","EMP70",0,"A25",0.121576006036946,0.181080725398092,0.112349716689065,0.184754892418215,0.116289233308605,0.0667282273917522,0.138335482708034,0.122590784372857,0.0373047977243763,0.0592651294917908,0.130463133540446,0.118932619672776,0.0451217249279531,0.102678803446109,0.025819850157943,-0.0042978390217101,0.00398349465219172,-0.144728257727816,0.0601098132509266,0.0414002715274474,-0.0268783166082327,0.0551639615687669,0.105848936585488,0.00726097745960734,0.0149016724050673,0.0842461494208262,-0.0188972025908372,-0.155260875240149,-0.116647555710775,-0.180771397766023,-0.261017491036422,-0.00661841414082565,-0.0969352111805869,-0.14946910098109,0.0702865221771554,0.130056133724411,-0.123202156080838,-0.135954215475462,0.0978256618731101,6,6,0.0161468658374445,0.0969335487516082
"33633","ERG27-TRg-4","AGTACGTGGGCCTTTATTTA","R2877.H.022",17,"O","ERG27",0,"AC33",0.0218286486636827,0.0277771693917161,0.0101382065795705,0.0204508130542171,0.0463245388716593,0.00290165547892673,0.0199146748783231,0.0232256691349344,0.00897389124128138,0.0218440282511315,0.0215701720066288,0.0211397308589499,0.0150454552137456,-0.00961073393595413,-0.073732329515424,0.0063718877101353,-0.0950239779273203,-0.127593430286088,-0.0242334829214674,-0.0256570585804143,-0.0822836303782918,0.0423943959182868,0.052844649885838,-0.053970344479353,-0.0489829062184457,0.0528952485655125,-0.0314393825996369,-0.10150949890714,-0.00376631886943524,-0.115474790981537,-0.173917969157747,-0.0271351384003942,-0.0455717334587374,-0.105509299513226,0.0503807980938605,0.0738971116921302,-0.0755405164859818,-0.0664744407533885,0.0654015039625716,6,6,0.0164610175038205,0.097771448586769
"34771","ERG9-NRg-10","TCGGTATTGTTGTTGAAGAT","R2877.H.023",10,"K","ERG9",0,"U19",-0.00343268294015631,-0.0193582997463078,-0.0259004039210082,-0.0170845262332995,-0.00251941043233783,-0.0100847063505631,-0.0162304622024908,-0.00989621433873348,0.0115558274170973,0.00728438717413815,-0.0130633382706121,-0.0135846162919313,0.00931002611803255,-0.0915316339828052,-0.0452187481972266,-0.032665421538105,-0.120943036936879,-0.115510032964863,-0.157042748557083,-0.0564719345727123,-0.131165272819608,0.0310045705436667,0.0225745918223936,-0.0938186036961604,-0.103520833473834,0.0475613989465988,-0.0880989510426489,-0.0258604484509188,-0.0067650176170968,-0.10385851070358,-0.112990622532525,-0.14695804220652,-0.0402414723702215,-0.121269058480875,0.0425313127982631,0.0227110497392003,-0.0807552654255482,-0.0959787308731144,0.0538472158306802,6,6,0.00614650651431856,0.061246203195642
"33355","ESA1-NRg-2","AGCCGTTTTCATCTTTTCAA","R2877.H.022",22,"L","ESA1",0,"W43",0.0403681443703237,-0.0155456107405691,0.0132929340835826,0.080966275763604,0.0257401500701318,0.0260492755696673,0.0127051559044457,0.044251900467801,0.0279615113153979,0.0317959573635457,0.0284785281861234,0.0258947128198995,0.0318699032889322,-0.0831168555885373,-0.089101699941005,-0.00362362177616982,-0.157557184766034,-0.00400130264582543,-0.0658912419817694,-0.0586140591019041,-0.075816576464543,0.0477170382404173,0.0772575978909198,-0.0672153177832235,-0.0745040487851534,0.0581982718747608,-0.123484999958861,-0.0735560892004359,-0.0169165558597524,-0.238523460529638,-0.0297414527159572,-0.0919405175514367,-0.0713192150063497,-0.120068476932344,0.0533194244534422,0.107195467585521,-0.0956938459693469,-0.0827483033759363,0.0802899674895231,6,6,0.0172270656454145,0.0997993973332635
"32273","ESF1-NRg-9","ATTGCTAATCTTTGGATATA","R2877.H.022",9,"A","ESF1",0,"A17",-0.0625087486035494,-0.0119373538335097,-0.0394126043319385,0.041369218480672,0.044076473674042,0.0141534723049928,-0.0379529022563325,0.0331997214865689,0.0253172774969772,0.0165499853046921,-0.0023765903848818,0.00110805923574153,0.0434137694865058,-0.297513677322468,-0.127691267641187,-0.154455536217807,-0.181897700287319,-0.0678790340836208,-0.074393323052687,-0.193220160393821,-0.108056685807876,0.0913068166848447,0.0640310905319297,-0.150638423100848,-0.141073401929497,0.084561287550489,-0.235004928718918,-0.115753913807678,-0.115042931885869,-0.223266918767991,-0.111955507757663,-0.0885467953576797,-0.155267258137488,-0.141256407294445,0.069055763381037,0.0719811430040593,-0.148261832715967,-0.115398422846773,0.0635522190338563,6,6,0.00133063564248117,0.0283088714160201
"33807","EXO84-NRg-2","AGTCATCTATTTTCATGGAG","R2877.H.023",8,"A","EXO84",0,"A15",0.0911482726179336,0.0577727393310532,0.0512944819673902,0.146938713296098,0.134171312743427,0.0742436163072171,0.0667384979721257,0.118451214115581,0.0213862053275425,0.0388134694044169,0.0925948560438531,0.0826959444625753,0.0398472530733027,-0.0847588026938579,-0.164284761146625,0.0599376951828083,-0.0422863675881726,-0.0547292499383554,0.00854621144146561,-0.0630352895525581,-0.0294898020283541,0.113678761200152,0.0335225307935179,-0.0462625457904561,-0.048507808763264,0.0771766690619154,-0.175907075311792,-0.222057500477678,0.00864321321541817,-0.189225080884271,-0.188900562681782,-0.0656974048657515,-0.129773787524684,-0.147941016143935,0.122073400076192,0.0712252414883489,-0.138857401834309,-0.182403818996787,0.0899388373907819,6,6,0.00769448224339343,0.0688736317312492
"23055","FAB1-NRg-11","ATACATTTCATGGGAAGAAG","R2877.H.016",8,"A","FAB1",0,"A15",0.0800635162782004,0.0387244983577866,-0.0176480137759178,0.0110977789808797,-0.0523834291658449,0.0178888672474204,0.033713333620023,-0.00779892764584826,0.0490481355955654,0.0387603283242148,0.0129572029870874,0.0144933231141501,0.0456093566442517,-0.0936588711982886,0.00707443508046568,-0.091684101062333,-0.056852863133549,-0.164531187158352,0.000662575401342069,-0.0594228457267187,-0.0735738249635198,0.0575967984816397,0.0838566498290188,-0.0664983353451192,-0.074268482097941,0.0648059150877497,-0.173722387476489,-0.0316500632773209,-0.0740360872864152,-0.0679506421144287,-0.112147757992507,-0.0172262918460784,-0.0931361793467417,-0.0657748973176715,0.0729365920740275,0.047498121888264,-0.0794555383322066,-0.0709933647004219,0.0570518986958058,6,6,0.00822567034464065,0.0702611543765605
"32761","FOL3-TRg-4","TATAGGCCCTTCTACAACAT","R2877.H.022",13,"F","FOL3",0,"K25",-0.0336807567731683,0.0419184019925385,0.000106412918289278,-0.0155463273879424,0.00626205278715108,-0.00722412996759014,0.00278135271255316,-0.00550280152279381,0.037870498791247,0.0110056163015299,-0.00136072440512032,-0.00355885852465043,0.0253516759005838,-0.0701930707022709,-0.116908620572209,-0.0706348723966013,-0.208090535976168,-0.139794433190035,-0.206472233098236,-0.0859121878903604,-0.184785734088146,0.0268446070270094,0.0389720103847555,-0.135348960989253,-0.128351526881122,0.0618754688811595,-0.0365123139291026,-0.158827022564748,-0.0707412853148905,-0.192544208588225,-0.146056485977186,-0.199248103130646,-0.0886935406029136,-0.179282932565353,0.063102571972943,0.0289695204510913,-0.133988236584133,-0.152441754270967,0.0662600819705498,6,6,0.00239174188667482,0.0374023272313046
"29395","FRS1-NRg-5","ATACAAGGGTTGTAGTCATC","R2877.H.020",10,"C","FRS1",0,"E19",0.0410623917534232,0.00715823656474801,0.0438572732079829,0.0331564051541329,0.0342412999879731,0.07064116954198,0.0306926338420514,0.0460129582280286,0.0204292371857277,0.0213355535103639,0.03835279603504,0.0376518458706981,0.0204801741208711,-0.0524220651500169,-0.0486192998120734,-0.0174498102489862,-0.116374707236257,-0.133797622467866,-0.00443239506262483,-0.0394970584036921,-0.084868241588916,0.0191879159746507,0.070202090770808,-0.0621826499963041,-0.0505206824810451,0.052308385047766,-0.0934844569034401,-0.0557775363768214,-0.0613070834569691,-0.14953111239039,-0.168038922455839,-0.0750735646046048,-0.0701896922457435,-0.130881199816945,0.0203624290808095,0.0492087783769307,-0.100535446031344,-0.0842790107540224,0.0473232573091487,6,6,0.00159982434194808,0.0308944897930925
"20585","FTR1-NRg-4","TGCAACACCAACTTAGAAAT","R2877.H.014",21,"G","FTR1",0,"M41",0.082841139151935,0.0129733814695825,0.0767124016741567,0.0669855765294407,0.0351242452943494,0.0392664228237662,0.0575089740985581,0.0471254148825188,0.038690497720738,0.01732365215977,0.0523171944905384,0.0531259996766035,0.027407497255502,-0.10296309231911,-0.0579539172519392,0.0719007616868188,-0.134432063603526,-0.098766223481437,-0.216924709097856,-0.029672082628077,-0.150040998727606,0.0907977889968713,0.0606059904017101,-0.0898565406778416,-0.100864657900274,0.0954648239542171,-0.185804231471046,-0.0709272987215217,-0.00481163998733791,-0.201417640132966,-0.133890468775786,-0.256191131921622,-0.0871810567266351,-0.197166413610125,0.0915844857492996,0.0612610622393146,-0.14217373516838,-0.159847350123416,0.09211562261255,6,6,0.00779372502629526,0.0690973900373554
"18449","FZO1-TRg-7","TAAAAGTTGGTGCGCAGTCC","R2877.H.013",9,"A","FZO1",0,"A17",0.177342784350108,0.0698962823764133,0.00918047214895301,0.0741686310230301,0.0505480978028712,-0.0134930028711899,0.0854731796251581,0.0370745753182371,0.0851564478306436,0.045357384959442,0.0612738774716976,0.0602221900896422,0.0665303890012243,-0.0362288799817061,-0.0132462434661704,-0.0512347725569686,-0.156729545296274,0.0242567488516354,-0.056358658319968,-0.0335699653349484,-0.062943818254869,0.0191333336338617,0.090672669067777,-0.0482568917949087,-0.0437318262693374,0.0607774129042694,-0.213571664331814,-0.0831425258425837,-0.0604152447059216,-0.230898176319305,-0.0262913489512357,-0.0428656554487781,-0.119043144960106,-0.100018393573106,0.0826490354324942,0.113647767500016,-0.109530769266606,-0.0717788852742527,0.0894832587463426,6,6,0.0168835479561333,0.0987726203189096
"23425","GPI19-NRg-4","AGGAACTTTATTAAGACAAT","R2877.H.016",1,"E","GPI19",0,"I1",0.0596387774307807,0.0352072886202917,0.0618546606572334,-0.0170069105628414,0.00272116877969864,0.0219608341499351,0.0522335755694353,0.0025583641222641,0.0147867633400367,0.0194843824900199,0.0273959698458497,0.0285840613851134,0.0312986230069792,-0.148751585328381,-0.0800244235729957,-0.113659943636283,-0.0875768057044006,-0.0237134488029696,-0.0558268391187366,-0.114145317512553,-0.0557056978753689,0.0343661516842887,0.0319318507932209,-0.0849255076939611,-0.0838006146386981,0.0436443230405611,-0.208390362759161,-0.115231712193287,-0.175514604293517,-0.0705698951415592,-0.0264346175826682,-0.0777876732686718,-0.166378893081988,-0.058264061997633,0.0472464756179653,0.0278003458449182,-0.112321477539811,-0.0965096927309795,0.0686198257436291,6,6,0.00537306893564218,0.0568109948337108
"12687","HAS1-TRg-3","ACGACTAAGAATTGTTTACC","R2877.H.009",8,"E","HAS1",0,"I15",0.21356122170728,0.0355346443183866,0.0830319509959212,0.0518747188495947,0.00445363907287044,0.0348780499258703,0.110709272340529,0.0304021359494451,0.092184007028391,0.0240253003361223,0.0705557041449872,0.0437046815839907,0.0745976764371477,-0.024872377448814,0.00396039302550411,0.0198313489688091,-0.0653614629960635,-0.0490572211004672,-0.0136345322848221,-0.000360211818166922,-0.0426844054604509,0.0226628883544615,0.0264457638306708,-0.0215223086393089,-0.0192534548668181,0.0319780422087192,-0.238433599156094,-0.0315742512928825,-0.0632006020271121,-0.117236181845658,-0.0535108601733376,-0.0485125822106924,-0.111069484158696,-0.0730865414098961,0.111428317123584,0.0383162988635812,-0.0920780127842961,-0.0583557311002249,0.0773729579904792,6,6,0.0169063320108054,0.0988412678670941
"31107","HEM12-TRg-8","GTTTCTCGTATATACAGGAC","R2877.H.021",2,"E","HEM12",0,"I3",0.133568933935758,0.0430296086051176,0.0365210469063462,0.177767836470462,0.123682467401513,0.0666861709518272,0.0710398631490739,0.122712158274601,0.0542494595727118,0.0555471892038633,0.0968760107118373,0.0951843191766701,0.0566780862592792,0.0545678793850706,-0.0394697124151384,-0.0827712951088384,0.0538267797694185,0.0434292048880069,0.0957606612594495,-0.0225577093796354,0.0643388819722917,0.0702141303276751,0.0277042154018443,0.0208905862963281,0.0486279923287127,0.067411603868003,-0.0790010545506874,-0.082499321020256,-0.119292342015185,-0.123941056701043,-0.0802532625135062,0.0290744903076223,-0.0935975725287093,-0.058373276302309,0.0223209621498571,0.0788193488557341,-0.0759854244155092,-0.0813762917668811,0.0552857246993152,6,6,0.00837321303134863,0.0702611543765605
"10657","HEM2-TRg-2","TCGGTGCGGTGATTGGCTTG","R2877.H.007",1,"P","HEM2",0,"AE1",-0.0201125291129682,-0.0445357863023006,0.0673808594970917,-0.000422692385198875,-0.0196159593026017,-0.0453032052954963,0.000910848027274295,-0.0217806189944323,0.0588457363921322,0.0225184240891524,-0.010434885483579,-0.019864244207785,0.0417424346280335,-0.0212003341866678,-0.102404702163992,0.00920318217240079,-0.154823967752828,-0.156360894981328,-0.0933513491579765,-0.0381339513927531,-0.134845403964044,0.0576987045372173,0.0359431213796623,-0.0864896776783987,-0.0978780256609845,0.0682228034417321,-0.00108780507369954,-0.0578689158616918,-0.0581776773246909,-0.15440127536763,-0.136744935678726,-0.0480481438624802,-0.0390447994200274,-0.113064784969612,0.0328720838747049,0.0569939408923673,-0.0760547921948197,-0.0580232965931914,0.0580968222617341,6,6,0.0101878660511208,0.0775578398530006
"12909","HEM4-TRg-3","GGTTGTGCTGTAGTCAGCTA","R2877.H.009",23,"G","HEM4",0,"M45",0.0351306683273689,0.0125929156478126,0.0289302773733446,0.0406912782736641,0.0116894604208055,0.0447651767418986,0.0255512871161754,0.0323819718121228,0.0116426266507926,0.0180356364717804,0.0289666294641491,0.0320304728503568,0.0140830199649585,-0.046788074819528,-0.11362855666942,-0.0515140367775053,-0.0879542237441253,-0.0503321559804704,0.00384667005647632,-0.0706435560888176,-0.0448132365560398,0.0373010239174855,0.046148617307102,-0.0577283963224287,-0.0509230963789878,0.0401071829976837,-0.0819187431468968,-0.126221472317232,-0.08044431415085,-0.128645502017789,-0.0620216164012759,-0.0409185066854223,-0.096194843204993,-0.0771952083681626,0.0260142716042382,0.0457895713825153,-0.0866950257865778,-0.0811815286488734,0.0348950814152552,6,6,0.000696037085193927,0.0216182351634017
"24001","HFA1-TRg-5","GTTCATAGGGCTAAATACTG","R2877.H.016",1,"K","HFA1",0,"U1",0.155739976431627,0.0152523072838164,0.0842022748981073,0.156528703351433,-0.0059498656864243,-0.0315238362402999,0.0850648528711836,0.039685000474903,0.0702478065580407,0.101994338906121,0.0623749266730433,0.0497272910909619,0.0821756600161966,-0.0859778884399431,-0.109255506738972,-0.0132983659442423,-0.0733800245894611,-0.0381854463423832,-0.0800746319584957,-0.0695105870410524,-0.06388003429678,0.0500531939929543,0.0225025182938723,-0.0666953106689162,-0.0767273282739784,0.0348451597879355,-0.24171786487157,-0.124507814022788,-0.0975006408423496,-0.229908727940894,-0.0322355806559589,-0.0485507957181959,-0.154575439912236,-0.103565034771683,0.0766661497770982,0.109720522981613,-0.12907023734196,-0.111004227432569,0.0891467055127795,6,6,0.00961341832778065,0.075011195082608
"30737","HSF1-NRg-3","TTACACTCGCAAAGATAATG","R2877.H.021",9,"A","HSF1",0,"A17",0.0724772451114779,-0.00879479593395405,-0.0458298592316366,0.0541270623133792,0.00690168677795855,-0.0105417820278517,0.00595086331529574,0.016828989021162,0.0605162671067407,0.0334578593827896,0.0113899261682289,-0.000946554577997749,0.0441379526175258,-0.242572020969647,-0.22698924192886,-0.269843111468187,-0.142632343920617,-0.16351211327386,-0.118922229938907,-0.246468124788898,-0.141688895711128,0.0216909716783554,0.0223099079973264,-0.194078510250013,-0.19525067760136,0.0606704059053483,-0.315049266081125,-0.218194445994906,-0.224013252236551,-0.196759406233996,-0.170413800051818,-0.108380447911055,-0.252418988104194,-0.15851788473229,0.0543173859470446,0.0453744936008003,-0.205468436418242,-0.207476926114451,0.0681829480046002,6,6,0.000473398726060241,0.0184108534876505
"34305","HSP60-TRg-4","TGCCCGGAGCAGAATCCAGA","R2877.H.023",17,"F","HSP60",0,"K33",-0.00861867151626305,0.015109459663059,-0.00715655627651968,0.0121664535663508,0.0199315252390833,0.011200748820738,-0.000221922709907914,0.014432909208724,0.0132974775556555,0.00478635875179844,0.00710549324940805,0.0116836011935444,0.0120134127268915,-0.0159181352431021,-0.0168037928459581,-0.0464696334251542,-0.145154430658966,-0.052970243824852,-0.157398606111124,-0.0263971871714048,-0.118507760198314,0.0173888878685388,0.0570863775118648,-0.0724524736848594,-0.0497199386250031,0.0630063367170031,-0.00729946372683909,-0.0319132525090171,-0.0393130771486345,-0.157320884225317,-0.0729017690639353,-0.168599354931862,-0.0261752644614969,-0.132940669407038,0.0167604069522537,0.0523001256325102,-0.0795579669342674,-0.0561074231062849,0.068015742743193,6,6,0.0163149179743437,0.0974862667204436
"4917","HTA1-NRg-5","AGTATTTACGATCCACTGGC","R2877.H.004",11,"D","HTA1",0,"G21",0.0753957917009813,0.0673435571889627,0.055270114631073,-0.00194095245195514,0.057192045087163,0.0235899341564672,0.0660031545070057,0.0262803422638917,0.0101295719994927,0.0296581619681448,0.0461417483854487,0.056231079859118,0.029432235114567,-0.0720298663075871,-0.105392804530429,-0.0207405654100685,-0.0217561181832027,0.0506863612773896,-0.068614146471583,-0.0660544120826948,-0.0132279677924654,0.0426412937997664,0.0601057384873187,-0.0396411899375801,-0.0451851323273929,0.054859656026211,-0.147425658008568,-0.172736361719391,-0.0760106800411415,-0.0198151657312475,-0.00650568380977345,-0.0922040806280502,-0.1320575665897,-0.0395083100563571,0.0501607221780602,0.0461185294037321,-0.0857829383230287,-0.0841073803345959,0.0665343233750623,6,6,0.0118498197998411,0.0829394664394197
"13075","ILV3-TRg-2","TCTTCGCTGCGAGCGGAACC","R2877.H.009",10,"I","ILV3",0,"Q19",0.0318504529386434,0.0276045600869153,-0.00561984875141142,-0.0343695732503855,0.00988018730702711,-0.0297705317892349,0.0179450547580491,-0.0180866392441978,0.0205179289789376,0.0243288991962248,-7.07922430743431e-05,0.00213016927780785,0.0281893098545421,-0.139434782130079,-0.122529504910533,-0.0885318875555872,-0.0992423063270604,-0.0809801212326215,-0.106006726579952,-0.116832058198733,-0.0954097180465448,0.0259253127906071,0.0129460145797354,-0.106120888122639,-0.102624516453506,0.0217615130906523,-0.171285235068723,-0.150134064997449,-0.0829120388041757,-0.064872733076675,-0.0908603085396487,-0.0762361947907175,-0.134777112956782,-0.0773230788023471,0.0461446902307028,0.0130278358621833,-0.106050095879565,-0.0868861736719122,0.0437025467184867,6,6,0.000906593372512613,0.0235740631311783
"30739","IMP1-NRg-3","AGTGTTATAAATTTGCTGTG","R2877.H.021",10,"A","IMP1",0,"A19",0.00164844703902411,-0.00456839448331814,-0.0290957378258274,0.0195141789726281,-0.0315909125537959,0.0529485236396257,-0.0106718950900405,0.013623930019486,0.0162554841666816,0.0425764059371255,0.00147601746472274,-0.00145997372214701,0.0317471664646195,-0.143945982937797,-0.0875010706756729,-0.158650319777026,-0.0965988995428513,-0.0497299777999245,-0.0634060796926519,-0.130032457796832,-0.0699116523451426,0.0375598661912925,0.0241021951902472,-0.0999720550709873,-0.0920499851092621,0.0433706942412339,-0.145594429976821,-0.0829326761923548,-0.129554581951199,-0.116113078515479,-0.0181390652461286,-0.116354603332278,-0.119360562706792,-0.0835355823646285,0.0325509196199245,0.0566351738938089,-0.10144807253571,-0.116233840923878,0.045736974987299,6,6,0.00132487917098083,0.0283088714160201
"22945","IMP1-TRg-1","ATCCAACAGTGTACAATACC","R2877.H.015",1,"P","IMP1",0,"AE1",0.1651728095333,0.020932906747646,0.109237755739558,0.0920182640353053,0.114893672347099,0.0128353223166824,0.0984478240068349,0.0732490862330288,0.0727227911936924,0.0535554687148086,0.0858484551199318,0.100628009887432,0.058764019186264,0.0927655303506105,-0.0402756487310811,0.0801980125728075,-0.0149156095459269,0.0898617924273051,-0.152671746980969,0.0442292980641123,-0.0259085213665302,0.073452706896463,0.121639888676362,0.00916038834879103,0.0326412015134403,0.0977364782534743,-0.07240727918269,-0.0612085554787272,-0.0290397431667506,-0.106933873581232,-0.0250318799197935,-0.165507069297651,-0.0542185259427226,-0.099157607599559,0.022512911400108,0.0705597083479626,-0.0766880667711408,-0.0668079173307086,0.0529155720633483,6,6,0.00679223334464281,0.0647724171298826
"33529","IMP2'-TRg-2","AAACACAAGAGACTATGGAA","R2877.H.022",13,"N","IMP2'",0,"AA25",0.00325724184873977,0.0658985650417434,-0.0120091034765109,-0.0242664198559863,0.0248480484229419,-0.0104120907905403,0.0190489011379908,-0.00327682074119492,0.0412847863118896,0.0253227527648215,0.00788604019839793,-0.00357742447090026,0.0329818361009615,-0.0766125999322456,-0.00800716332169227,-0.0413911661764157,-0.109532434622141,-0.0975157641581488,-0.0639409062746301,-0.0420036431434512,-0.0903297016849732,0.0343068189891969,0.0236299912117367,-0.0661666724142122,-0.0702767531034378,0.0373464336420132,-0.0798698417809853,-0.0739057283634357,-0.0293820626999048,-0.0852660147661544,-0.122363812581091,-0.0535288154840898,-0.0610525442814419,-0.0870528809437783,0.0275890778192967,0.0344522695099841,-0.0740527126126101,-0.0768877850722105,0.0313377039313598,6,6,0.000762485588338172,0.0221865622713127
"32757","IRA1-NRg-4","ATCAAAGGCGTAAATGAAAC","R2877.H.022",11,"F","IRA1",0,"K21",0.0436941923582583,-0.0102601373416147,0.0087886126063772,0.0382292327632179,0.0228658410827454,0.0235809698933365,0.014074222541007,0.0282253479130999,0.0273627607822464,0.00867099396694227,0.0211497852270534,0.0232234054880409,0.0197392763390527,-0.0673391605002762,-0.0948919218710298,-0.098830379481182,-0.0532273832766972,-0.0968870026915214,-0.0709391523275507,-0.0870204872841627,-0.0736845127652564,0.0171579086740586,0.0219589012660359,-0.0803525000247095,-0.0829155370992902,0.019078504523736,-0.111033352858535,-0.0846317845294151,-0.107618992087559,-0.0914566160399151,-0.119752843774267,-0.0945201222208871,-0.10109470982517,-0.101909860678356,0.014359157246816,0.0155282098727098,-0.101502285251763,-0.101069557154223,0.0133837072872175,6,6,3.49378434189763e-06,0.00336234913061865
"21449","IRA2-NRg-15","ATAGGATGTGCTTAACTCCC","R2877.H.014",21,"P","IRA2",0,"AE41",-0.0148682820007346,-0.00566302491230219,0.0566097507516701,0.0468563895402032,0.00211007800779628,0.0645546528318963,0.0120261479462111,0.0378403734599653,0.0388838966521134,0.0321838102267272,0.0249332607030882,0.0244832337739997,0.0349143852228186,-0.126513696949237,0.0269582100224,-0.100903593189479,-0.112075198011203,-0.124359781813185,-0.0328114438122535,-0.0668196933721052,-0.0897488078788803,0.0822173383627095,0.0496902940214554,-0.0782842506254928,-0.106489395600341,0.062042321898638,-0.111645414948502,0.0326212349347021,-0.157513343941149,-0.158931587551406,-0.126469859820981,-0.0973660966441499,-0.0788458413183163,-0.127589181338846,0.0992202022967893,0.0307980044509076,-0.103217511328581,-0.119057637384742,0.0709227763676567,6,6,0.0082825995349917,0.0702611543765605
"6159","ISA2-NRg-5","TTAGTAATACTAGTTGGAAT","R2877.H.005",8,"A","ISA2",0,"A15",0.153165312170078,0.0407941772450167,0.0187104309527626,0.110190874616837,0.1365538791572,0.0312436568500221,0.0708899734559525,0.092662803541353,0.0721030268641216,0.0547995044440843,0.0817763884986528,0.075492525930927,0.0585059800968457,-0.0570961646479011,0.0557544199934301,-0.088645496909963,-0.0447054963652511,-0.128912195228511,-0.0449993449093142,-0.0299957471881447,-0.0728723455010254,0.0759187623074594,0.0485321558850529,-0.051434046344585,-0.0510477547786077,0.0616371012858674,-0.210261476817979,0.0149602427484135,-0.107355927862726,-0.154896370982089,-0.26546607438571,-0.0762430017593363,-0.100885720644097,-0.165535149042378,0.112750181495196,0.0950590895312153,-0.133210434843238,-0.131126149422407,0.0997667186467946,6,6,0.0134268871135804,0.0880213563972608
"15215","JAC1-TRg-1","TGATGCGAAATTAAAGGCTG","R2877.H.010",24,"O","JAC1",0,"AC47",0.184039990493194,0.12129456068516,0.0129610495903274,0.0233738795058354,0.110602152323547,0.0229871758701146,0.10609853358956,0.0523210692331655,0.0865458862958213,0.0504732688615112,0.0792098014113628,0.0669880159146909,0.069876328062508,-0.0874969310416338,-0.141277105814092,-0.0954705893704095,-0.0796460174136331,-0.111858591506119,-0.0748498470201677,-0.108081542075378,-0.0887848186466398,0.0290233336426788,0.0201258554622879,-0.0984331803610091,-0.0914837602060217,0.0247117510924425,-0.271536921534827,-0.262571666499251,-0.108431638960737,-0.103019896919468,-0.222460743829665,-0.0978370228902823,-0.214180075664939,-0.141105887879805,0.0916904730520033,0.0705030140190292,-0.177642981772372,-0.165446191395201,0.083385119834681,6,6,0.00217983018351551,0.0358429797638718
"2793","KAP123-NRg-5","ACATCCTGATAATTAGCAAA","R2877.H.002",5,"N","KAP123",0,"AA9",0.0120989695287241,0.0166657164629092,0.0235901624355002,0.0315974706318154,0.00178026464932901,0.0226066315574631,0.0174516161423778,0.0186614556128692,0.00578576765302813,0.0152950891816902,0.0180565358776235,0.0196361740101861,0.0103636411375337,-0.0946420675113058,-0.0523779674600209,-0.0216800300557876,-0.000411188025436271,-0.0512019665793373,-0.118824686807379,-0.0562333550090381,-0.056812613804051,0.0366334920159128,0.0594057968144141,-0.0565229844065445,-0.0517899670196791,0.0441421027500916,-0.10674103704003,-0.06904368392293,-0.0452701924912877,-0.0320086586572517,-0.0529822312286663,-0.141431318364843,-0.0736849711514159,-0.0754740694169202,0.0309971344278287,0.0580753106163519,-0.074579520284168,-0.0610129575757982,0.041645958749321,6,6,0.00268883024060168,0.0395553674955504
"1933","KAP123-TRg-2","CCTTCATTTTATTTGTTGTC","R2877.H.002",7,"E","KAP123",0,"I13",0.00729915044927298,0.0329346381159243,0.040381165012995,0.0101442308059954,0.0567739819977728,0.0860691556581323,0.0268716511927308,0.0509957894873002,0.0173543879097389,0.0382908498856675,0.0389337203400155,0.0366579015644597,0.0296907022552856,-0.107549774744241,-0.0278282150367324,-9.0206962802597e-05,-0.0549513100813415,-0.0421818478016327,-0.000283616015330779,-0.0451560655812588,-0.0324722579661016,0.0557860240590194,0.028598012076094,-0.0388141617736802,-0.0350050314191825,0.0402521353805318,-0.114848925193514,-0.0607628531526567,-0.0404713719757976,-0.0650955408873368,-0.0989558297994055,-0.0863527716734631,-0.0720277167739896,-0.0834680474534018,0.0384470801227998,0.0171134747106351,-0.0777478821136957,-0.0757241562804,0.0273438099845743,6,6,0.000335399628931711,0.0161826815994762
"30747","KOG1-NRg-2","GATTCGCTAAATGTAATCAA","R2877.H.021",14,"A","KOG1",0,"A27",0.0118776549647919,0.0791686780358778,0.029656639006405,0.10777013870851,0.021549412111445,0.0634756951448916,0.0402343240023582,0.0642650819882822,0.0348702740366858,0.043115783333054,0.0522497029953202,0.0465661670756483,0.0374593901757621,-0.102853971833908,-0.00970222543607102,-0.0577474597370129,-0.158805582315033,-0.240545974156932,-0.0555737974913868,-0.0567678856689973,-0.151641784654451,0.0465835983824541,0.0926939401082332,-0.104204835161724,-0.0803007157854605,0.0836970506112921,-0.1147316267987,-0.0888709034719488,-0.0874040987434179,-0.266575721023543,-0.262095386268377,-0.119049492636278,-0.0970022096713556,-0.215906866642733,0.015371631428851,0.0839108546282853,-0.156454538157044,-0.116890559717489,0.0845719969359701,6,6,0.00381621954022614,0.0477427745277242
"34849","LAT1-TRg-2","AAGAGGTCGAGACAACCAAC","R2877.H.023",1,"L","LAT1",0,"W1",0.0838949296614109,0.0382906794621041,0.0360946671321201,0.0881710795211854,0.0382808465118722,0.0423063922274498,0.0527600920852117,0.0562527727535025,0.0269859074464912,0.0277152482356552,0.0545064324193571,0.0402985358447769,0.0245399535383632,-0.0607248919470451,-0.0231715042844542,-0.182535967103358,-0.169221153270282,-0.00049335758260316,-0.112382961466135,-0.0888107877782856,-0.0940324907730069,0.0833118908732233,0.0858476679380419,-0.0914216392756462,-0.0865539267065902,0.0757129919839283,-0.144619821608456,-0.0614621837465583,-0.218630634235478,-0.257392232791468,-0.0387742040944754,-0.154689353693585,-0.141570879863497,-0.150285263526509,0.0786285729973213,0.109375534858073,-0.145928071695003,-0.149654587651021,0.0853285778131904,6,6,0.00515767285337417,0.0553846142538199
"25945","LCD1-NRg-5","CGCTCGGATTTGGCTAGAGG","R2877.H.017",13,"O","LCD1",0,"AC25",0.0493948533794328,0.0405699684606449,0.232027664816815,0.148886176161255,0.045689070033972,0.177523573085298,0.107330828885631,0.124032939760175,0.108080735179282,0.0693422423087365,0.115681884322903,0.0991405147703441,0.0817288499027038,-0.00179221478462299,0.0252164061032789,0.0818625938024513,0.023309402704919,0.00934882156936734,0.0537853027496205,0.0350955950403691,0.0288145090079689,0.0426934483319871,0.0227239930794889,0.031955052024169,0.024262904404099,0.0307811593236026,-0.0511870681640558,-0.015353562357366,-0.150165071014364,-0.125576773456336,-0.0363402484646047,-0.123738270335678,-0.0722352338452619,-0.0952184307522064,0.0698269623820312,0.0509982870844718,-0.0837268322987342,-0.0874626692498669,0.0561170222520737,6,6,0.00645974586916253,0.0632192853387952
"17327","LIP2-TRg-3","ACCCTTCCCTCAATGCTTCA","R2877.H.012",24,"E","LIP2",0,"I47",-0.0231537280462897,-0.00311147109348586,0.0126645562669239,-0.00380748017727717,0.0189011404422055,0.0514207933024964,-0.00453354762428389,0.0221714845224749,0.0179514372413502,0.0277589969323763,0.0088189684490955,0.004776542586719,0.0255161522662911,-0.153664394101414,-0.0549628758531719,-0.16844618876759,-0.00376610663266197,-0.0404670757410854,-0.0544609756338437,-0.125691152907392,-0.032898052669197,0.0616967766150075,0.0261812913825661,-0.0792946027882945,-0.0547119257435078,0.0661811811680715,-0.130510666055124,-0.0518514047596861,-0.181110745034514,4.13735446151975e-05,-0.0593682161832909,-0.10588176893634,-0.121157605283108,-0.0550695371916719,0.06513527516964,0.0530922499906053,-0.08811357123739,-0.0826249925598155,0.0643027702001504,6,6,0.00948995900420175,0.0749239366140677
"27457","MAK11-TRg-5","TAATTTATCCAAAATTGTTC","R2877.H.018",1,"O","MAK11",0,"AC1",0.22464462596001,0.059950259708929,0.296342766018276,0.056414206749819,0.121741955823399,0.168581535295198,0.193645883895738,0.115579232622805,0.121206624270207,0.0563370372507032,0.154612558259272,0.145161745559299,0.0947326956523322,0.00172372354170403,-0.0836016712276533,-0.100644164091709,-0.0045991601294606,0.0188601131673352,0.0218451511907496,-0.0608407039258861,0.012035368076208,0.0548483575781067,0.0144830335036966,-0.024402667924839,-0.00143771829387829,0.0536704462113959,-0.222920902418306,-0.143551930936582,-0.396986930109985,-0.0610133668792796,-0.102881842656064,-0.146736384104449,-0.254486587821624,-0.103543864546597,0.129632631203496,0.0428653429390729,-0.179015226184111,-0.145144157520516,0.119548878673599,6,6,0.00972983073637305,0.0755497707785217
"15881","MCM1-NRg-2","CAGAAAAAAGTGGTGAGAAT","R2877.H.011",21,"F","MCM1",0,"K41",0.031584753,0.008570754,0.01392251,0.00130860753764095,0.0410326598907367,0.0313154479600763,0.0180260056666667,0.024552238462818,0.0120432572424475,0.0207076274803688,0.0212891220647423,0.0226189789800382,0.0155664982157923,-0.0683691617671025,-0.147755236651934,-0.076983091583275,-0.0280888074271939,0.0350630775900753,-0.0626052594676323,-0.0977024966674371,-0.0185436631015836,0.0435603894804237,0.0495288638174958,-0.0581230798845103,-0.0654872106173674,0.0601671225217497,-0.0999539147671025,-0.156325990651934,-0.090905601583275,-0.0293974149648348,-0.00596958230066136,-0.0939207074277086,-0.115728502334104,-0.0430959015644016,0.0354483432074817,0.0455476289626284,-0.0794122019492527,-0.0924131545054918,0.0539918236817423,6,6,0.00657422639612156,0.063771823025982
"19985","MCM10-TRg-1","TTATAGGCCATCGAAGATAA","R2877.H.014",9,"A","MCM10",0,"A17",0.0496333080140663,-0.00525878487866627,0.0346874015137209,0.0751400909381312,0.0720179723201977,0.00596357955929561,0.0263539748830403,0.0510405476058748,0.0283790409473752,0.0390689991216867,0.0386972612444576,0.0421603547638936,0.033399561746005,-0.135438165422851,-0.152988139617419,-0.0741128450537318,-0.0715673547060127,-0.0515902335144631,-0.0295569984254358,-0.120846383364667,-0.0509048622153039,0.0414127770241535,0.0210135625030249,-0.0858756227899855,-0.0728400998798723,0.0482719388275877,-0.185071473436917,-0.147729354738753,-0.108800246567453,-0.146707445644144,-0.123608205834661,-0.0355205779847314,-0.147200358247707,-0.101945409821179,0.0381383650673305,0.0586735667342563,-0.124572884034443,-0.135157825739402,0.0507272317050479,6,6,0.000954032950468423,0.024154062915843
"34315","MCM10-TRg-3","GTTAAGTATGAACAAATTTT","R2877.H.023",22,"F","MCM10",0,"K43",-0.00936173227861903,0.00472061828369319,0.003975324136541,0.029967530210393,0.0107212426178416,-0.0166843101286493,-0.000221929952794945,0.00800148756652841,0.00792406813182467,0.0234445377947451,0.00388977880686673,0.0043479712101171,0.0162868739166222,-0.0591362547720484,0.00325201578970447,-0.0771469719385744,-0.158149829194633,-0.0930531719416057,-0.0979454854347495,-0.0443437369736395,-0.116382828856996,0.0421913882687589,0.0362539021448991,-0.0803632829153177,-0.0851000719400901,0.0528646639422255,-0.0497745224934294,-0.00146860249398872,-0.0811222960751155,-0.188117359405026,-0.103774414559447,-0.0812611753061001,-0.0441218070208445,-0.124384316423524,0.040126582454023,0.0563306050134476,-0.0842530617221845,-0.0811917356906078,0.0620155867256999,6,6,0.00950679638350321,0.0749239366140677
"9933","MCM7-NRg-3","TTGCATTTATTTTCCTTATA","R2877.H.007",23,"H","MCM7",0,"O45",0.0495657949544646,0.0481599744403516,0.0282263860658183,0.00172461088709741,0.0102284995889481,0.0372027899410874,0.0419840518202115,0.0163853001390443,0.0119352045682794,0.0185230921286645,0.0291846759796279,0.0327145880034528,0.0197689262816089,-0.0672972474567517,0.00575374517954619,-0.0095306566144393,-0.0842736533598396,-0.104777286832338,-0.0919259135798893,-0.0236913862972149,-0.0936589512573557,0.0385292950902115,0.0103610960369683,-0.0586751687772853,-0.0757854504082957,0.0458844374535616,-0.116863042411216,-0.0424062292608054,-0.0377570426802576,-0.085998264246937,-0.115005786421286,-0.129128703520977,-0.0656754381174264,-0.1100442513964,0.0443906731078545,0.0219891182257335,-0.0878598447569132,-0.100502025334112,0.0396509615174815,6,6,0.00119186252384865,0.02688792901852
"18437","MDH1-NRg-8","TGAGTGAATGCCGAGAAGGG","R2877.H.013",3,"A","MDH1",0,"A5",0.0920124513867695,0.0333469554556944,0.00296683292293709,0.148750845405826,0.11721790584951,0.0288484221241543,0.0427754132551337,0.098272391126497,0.0452653554526909,0.0621558297611273,0.0705239021908153,0.062679703421232,0.0573488813916841,-0.104129741550429,-0.0092683836858316,-0.107687537127299,-0.0760259498330054,-0.106806587446646,-0.00528253321728456,-0.073695220787853,-0.0627050234989786,0.0558236283447207,0.0520563992760641,-0.0682001221434158,-0.0900778456917172,0.04864867732835,-0.196142192937198,-0.042615339141526,-0.110654370050236,-0.224776795238832,-0.224024493296156,-0.0341309553414388,-0.116470634042987,-0.160977414625476,0.0769285083972416,0.109852900117502,-0.138724024334231,-0.153398281493717,0.088252581167496,6,6,0.00714532003962497,0.0664100933304294
"4623","MDM12-TRg-3","ATCTTTAGCCGTTTATTGTT","R2877.H.004",8,"A","MDM12",0,"A15",-0.0127188984080642,0.0398045134411231,-0.0224395051385722,-0.0114628636424874,0.0708097042894282,0.0469096492556105,0.00154870329816226,0.0354188299675171,0.033485113200839,0.0423228431755433,0.0184837666328397,0.0141708248993179,0.0388477282269285,-0.154429639995084,-0.166387040532055,-0.234895927166288,-0.0791382815988415,-0.0948122059925787,-0.0601507816569531,-0.185237535897809,-0.0780337564161244,0.0434190249133995,0.0173570897950381,-0.131635646156967,-0.124620922993832,0.0657448645658404,-0.14171074158702,-0.206191553973178,-0.212456422027716,-0.0676754179563541,-0.165621910282007,-0.107060430912564,-0.186786239195972,-0.113452586383642,0.0391620033509029,0.0492851253260009,-0.150119412789807,-0.153666325934514,0.0565545915411128,6,6,0.000740597570671352,0.0221865622713127
"33045","MED11-TRg-3","TATGCAGGCCCTCATCTTAG","R2877.H.022",11,"I","MED11",0,"Q21",-0.00823386813495897,-0.0320319298466571,-0.0174638322529015,0.0190394474662552,-0.00436299442647248,-0.00121268440932654,-0.0192432100781725,0.00448792287681872,0.0119983988261871,0.012700049771901,-0.0073776436006769,-0.00629843128071572,0.0170602208906757,-0.0363720018179885,-0.055322146512943,-0.0956062180103059,-0.135807690576282,-0.0944210051677152,-0.156874811517941,-0.0624334554470791,-0.129034502420646,0.0302506384733792,0.0317730473869225,-0.0957339789338626,-0.0950136115890106,0.0458318765131002,-0.0281381336830295,-0.0232902166662858,-0.0781423857574044,-0.154847138042537,-0.0900580107412428,-0.155662127108615,-0.0431902453689066,-0.133522425297465,0.0303663409576006,0.0376434928152371,-0.0883563353331857,-0.0841001982493236,0.0581689754507268,6,6,0.00624604716910547,0.0618725270516594
"3275","MIG3-TRg-3","GTTCTTCAATCAGTAATACT","R2877.H.003",6,"C","MIG3",0,"E11",0.0067376495151521,-0.0228098224891882,0.0759893194000774,0.0369020430018085,0.0104168332500587,0.0546855621233255,0.0199723821420138,0.0340014794583976,0.0507117956721333,0.0222764458714968,0.0269869308002057,0.0236594381259336,0.0358638421789542,NA,-0.0953941367725544,-0.11635724047772,-0.0852362417596697,-0.0849879492459533,-0.0827120238616792,-0.105875688625137,-0.0843120716224341,0.0148231527846393,0.00139123215913608,-0.0929375184235153,-0.0852362417596697,0.0139784155594,NA,-0.0725843142833662,-0.192346559877797,-0.122138284761478,-0.095404782496012,-0.137397585985005,-0.132465437080582,-0.118313551080832,0.0846846959899508,0.0212560656522366,-0.123974305480732,-0.122138284761478,0.0455945979304421,6,5,0.002170177009004,0.0357499693288044
"34307","MIM2-NRg-3","CCGATCTTGCTTGTAACGGC","R2877.H.023",18,"F","MIM2",0,"K35",0.0233374283826622,0.0055113462126466,0.0266880599625614,0.016273559530986,-0.0151149408620441,0.0232049643072658,0.0185122781859567,0.00812119432540256,0.0113830952349101,0.0204193432039361,0.0133167362556796,0.0197392619191259,0.0158430477100205,-0.0709506362052861,-0.0127783626200757,0.0131740401261471,-0.112519335971119,-0.0752585730544357,-0.098319963371583,-0.0235183195664049,-0.0953659574657126,0.0430784203328517,0.0188052047702826,-0.0594421385160588,-0.0731046046298609,0.049319157854159,-0.0942880645879483,-0.0182897088327223,-0.0135140198364143,-0.128792895502105,-0.0601436321923916,-0.121524927678849,-0.0420305977523616,-0.103487151791115,0.0453192446031671,0.0377120850321707,-0.0727588747717384,-0.0772158483901699,0.0502343162175581,6,6,0.00651370561350871,0.0635388186617616
"24135","MIR1-NRg-13","CGACGCTGATTGGCTAACGA","R2877.H.016",20,"L","MIR1",0,"W39",0.0475097898688026,0.0606954499702883,0.014323082741438,0.0669767313472944,0.0244888968965873,0.058086623023142,0.0408427741935096,0.0498507504223413,0.023894265716125,0.0224092886366377,0.0453467623079254,0.0527982064459723,0.0212976043546435,-0.0853069680030041,-0.183918619454828,-0.0442519281748033,0.039980552786463,-0.0835889106007606,-0.133042692112784,-0.104492505210878,-0.0588836833090273,0.0717827262768938,0.0891180229275671,-0.0816880942599528,-0.0844479393018823,0.076563451538493,-0.132816757871807,-0.244614069425116,-0.0585750109162413,-0.0269961785608315,-0.108077807497348,-0.191129315135926,-0.145335279404388,-0.108734433731369,0.093649174362289,0.0820685384237047,-0.127034856567878,-0.120447282684577,0.0812653167980698,6,6,0.00698408935139108,0.0657320244113905
"25169","MOB1-NRg-6","CGTTTTGATATTTCCATTTT","R2877.H.017",9,"G","MOB1",0,"M17",0.0149122212348782,0.0162758940084473,0.0247646814257769,0.149327652133664,0.0916012825905541,0.0300893940986968,0.0186509322230342,0.0903394429409718,0.0053383843851742,0.0596291432462292,0.054495187582003,0.0274270377622369,0.0545474655647358,-0.0429482662668654,0.00800020482891384,-0.0412982366010524,-0.0263191762922719,0.0297023426676564,-0.0169162428157228,-0.025415432679668,-0.00451102548011277,0.0289505487349242,0.0300003284899047,-0.0149632290798904,-0.0216177095539973,0.0287464756923629,-0.0578604875017437,-0.00827568917953347,-0.0660629180268293,-0.175646828425936,-0.0618989399228977,-0.0470056369144196,-0.0440663649027021,-0.0948504684210845,0.0312657851040155,0.0703668349519203,-0.0694584166618933,-0.0598797137123207,0.0560831869884214,6,6,0.0117684301611661,0.0828090345576067
"27939","MPS2-NRg-1","TATATTCCGTGATGCCTTTG","R2877.H.019",2,"D","MPS2",0,"G3",0.0212212771886209,0.0454101924026495,0.0821215600620862,0.0726185536040549,0.0871194355276692,0.0415731346093389,0.0495843432177855,0.0671037079136877,0.030663965248931,0.0232685737439405,0.0583440255657366,0.0590143730033522,0.0261679299401069,-0.0738991007418162,-0.00607473097275735,-0.0995000659054197,-0.0931303134201171,0.00196231875631603,0.0082955644206415,-0.0598246325399977,-0.0276241434143865,0.0482767158492894,0.0568183177485565,-0.0437243879771921,-0.0399869158572868,0.050345272468884,-0.095120377930437,-0.0514849233754069,-0.181621625967506,-0.165748867024172,-0.0851571167713532,-0.0332775701886974,-0.109408975757783,-0.0947278513280742,0.0662345329966917,0.0667522309835748,-0.102068413542929,-0.0901387473508951,0.0600150823159139,6,6,0.00429658921423045,0.0507031537220203
"32837","MRM1-NRg-1","GAATATACTAAAAAATGAGC","R2877.H.022",3,"G","MRM1",0,"M5",-0.0146201935147638,-0.0291808379629359,-0.00244289481578441,0.107193258311922,0.0192494883040717,0.0086696724747608,-0.0154146420978281,0.0450374730302516,0.013386663600331,0.0540877930658239,0.0148114154662117,0.0031133888294882,0.0483550857249732,-0.0986991257024226,-0.121005421724546,-0.0488057841752152,-0.176800134215871,-0.0950054481780795,-0.0447096819340174,-0.0895034438673947,-0.105505088109323,0.0369677878547255,0.0666682362525099,-0.0975042659883586,-0.0968522869402511,0.0490033081647612,-0.0840789321876587,-0.0918245837616103,-0.0463628893594308,-0.283993392527793,-0.114254936482151,-0.0533793544087782,-0.0740888017695666,-0.150542561139574,0.0243216661396204,0.119512770957116,-0.11231568145457,-0.0879517579746345,0.087769536530645,6,6,0.0144664696744054,0.0910129071284033
"1931","MRPL1-TRg-3","GAACGAAATGTTTTCAACAG","R2877.H.002",6,"E","MRPL1",0,"I11",0.00623831535261976,0.032496228486748,0.0117539166157161,0.0569116311160855,0.0197238249222687,0.0774817878674607,0.0168294868183613,0.0513724146352716,0.0138452360110379,0.0292746948798879,0.0341009507268165,0.0261100267045083,0.0278826735958737,-0.0590796487698593,-0.0620488788508791,-0.0165362601599126,-0.162604807410169,-0.059247476553951,-0.0492178610894207,-0.0458882625935503,-0.090356715017847,0.0254628968691057,0.0627693272015779,-0.0681224888056987,-0.0591635626619051,0.0492805438284295,-0.065317964122479,-0.0945451073376271,-0.0282901767756287,-0.219516438526255,-0.0789713014762197,-0.126699648956881,-0.0627177494119116,-0.141729129653119,0.0332039123199299,0.0714678099188874,-0.102223439532515,-0.0867582044069234,0.0660068066298235,6,6,0.00637884559162456,0.0629093426869699
"3745","MRPL10-TRg-3","GTCGCAAGCAATGTTAGATA","R2877.H.003",1,"H","MRPL10",0,"O1",0.00903208756005958,-0.0026121932206562,0.0101530774908423,0.0420474425143351,-0.0105467820871519,0.0189939062247615,0.00552432394341521,0.0168315222173149,0.0070686871678658,0.0263637069435362,0.0111779230803651,0.00959258252545092,0.0183401301160681,-0.133439068151314,-0.124052644550725,-0.151325085862135,-0.0187096357373844,-0.0836530830337594,-0.0239363075563066,-0.136272266188058,-0.0420996754424835,0.0138552074003834,0.0360810724121486,-0.0891859708152707,-0.103852863792242,0.0570794821080866,-0.142471155711374,-0.121440451330068,-0.161478163352977,-0.0607570782517195,-0.0731063009466075,-0.0429302137810681,-0.141796590131473,-0.0589311976597984,0.0200273781371536,0.0151706769495472,-0.100363893895636,-0.097273376138338,0.0480884612615941,6,6,0.00173062411838108,0.0317176501196252
"6151","MRPL22-TRg-8","TTCTATTAATCTTCTGTGGG","R2877.H.005",4,"A","MRPL22",0,"A7",0.107618166285494,0.0868161403035317,0.0650631691746306,0.141897554056976,0.115596715121225,0.00937577154937963,0.0864991585878855,0.088956680242527,0.0212792693209246,0.0701624850151516,0.0877279194152063,0.097217153294513,0.0463901332864914,0.0152414919492809,0.0229605888827811,0.00112446520422393,0.0332636207606507,-0.03621539872369,-0.0198068209507065,0.013108848678762,-0.00758619963791525,0.0110731747848473,0.0363158536465733,0.00276132452042336,0.00818297857675243,0.026553118043027,-0.0923766743362133,-0.0638555514207506,-0.0639387039704067,-0.108633933296325,-0.151812113844915,-0.0291825925000861,-0.0733903099091235,-0.0965428798804423,0.0164427264833216,0.0622024521690647,-0.0849665948947829,-0.07815768915331,0.0426217758065415,6,6,0.00186970173284607,0.0328077190052431
"21","MRPL33-TRg-1","GGTGATGGAATCAATATTGA","R2877.H.001",11,"A","MRPL33",0,"A21",0.0397331896293025,0.0568315347558452,-0.0138341706493335,0.168213063728049,0.121440011699502,0.00458655279660891,0.0275768512452714,0.09807987607472,0.0368679115530454,0.0842774033902643,0.0628283636599957,0.0482823621925739,0.069828163392903,-0.100478271245193,-0.0725024329871249,-0.104320462396641,-0.088049651274714,0.0438332796742982,-0.0700376541806356,-0.092433722209653,-0.0380846752603505,0.0173675797325107,0.0715123871461135,-0.0652591987350017,-0.0802760421309194,0.055248596432213,-0.140211460874495,-0.12933396774297,-0.0904862917473079,-0.256262715002763,-0.0776067320252036,-0.0746242069772445,-0.120010573454924,-0.13616455133507,0.0261408181197456,0.104018750959523,-0.128087562394997,-0.109910129745139,0.0684074737851448,6,6,0.00326735533856577,0.0438178313395365
"18459","MRPL37-NRg-2","TATGAAGAGAATATTAGAAC","R2877.H.013",14,"A","MRPL37",0,"A27",0.13727751686866,0.0313303806008967,0.0985669431305356,0.116268819031516,0.0780837046295269,0.0611073523297141,0.0890582802000307,0.085153291996919,0.0536097931713924,0.0282520999455331,0.0871057860984749,0.0883253238800312,0.0383855586118618,-0.159363217420762,0.031980014035617,-0.0804135453421675,-0.141753828126286,-0.110388293607129,-0.112922413348242,-0.0692655829091041,-0.121688178360552,0.0961575054577077,0.017423494658259,-0.0954768806348282,-0.111655353477686,0.0681496600354106,-0.296640734289422,0.000649633434720354,-0.178980488472703,-0.258022647157802,-0.188471998236656,-0.174029765677956,-0.158323863109135,-0.206841470357471,0.149717777214154,0.0449085644874104,-0.182582666733303,-0.18372624335468,0.102367300712864,6,6,0.00477010616757719,0.0533820368804403
"4619","MRPS17-NRg-2","GTTTGATGCTCGCATTGGTT","R2877.H.004",6,"A","MRPS17",0,"A11",0.038791811380342,0.0255679548267709,0.0758010432082881,0.0823956711623319,-0.00205587100710147,-0.00786580110263868,0.0467202698051337,0.0241579996841973,0.0260381668293213,0.0505188935580057,0.0354391347446655,0.0321798831035565,0.0380101921221888,-0.125350077794748,-0.0259206351452002,-0.0220132597967795,-0.133127107437911,-0.0827309114475789,-0.0373418133037928,-0.057761324245576,-0.0843999440630941,0.0585661728327576,0.0479144539308714,-0.0710806341543351,-0.0600363623756859,0.0500320039379066,-0.164141889175091,-0.051488589971971,-0.0978143030050675,-0.215522778600242,-0.0806750404404775,-0.0294760122011541,-0.10448159405071,-0.108557943747291,0.0566218247034866,0.0961064100073564,-0.106519768899001,-0.0892446717227725,0.0705831015113138,6,6,0.0072860574460372,0.0671594584945519
"21337","MSN5-NRg-3","GTGGCAATGCCCCTCCGCTG","R2877.H.014",13,"O","MSN5",0,"AC25",0.0224052326381778,0.00734987810555454,0.0217489848771066,0.075163611178922,0.018156848712189,0.0836951636064311,0.017168031873613,0.0590052078325141,0.00850909941420996,0.0356319825272622,0.0380866198530635,0.0220771087576422,0.0325871442187011,-0.134444566296206,-0.12994159033801,-0.14189883669723,-0.110522575535368,-0.0582937957792293,0.00764823932462044,-0.135428331110482,-0.0537227106633255,0.00603902144648639,0.0592178730242907,-0.0945755208869036,-0.120232082936689,0.0584810484688612,-0.156849798934384,-0.137291468443565,-0.163647821574336,-0.18568618671429,-0.0764506444914184,-0.0760469242818107,-0.152596362984095,-0.11272791849584,0.0136833155933016,0.0631840361450453,-0.132662140739967,-0.147070633688974,0.0463533178904772,6,6,0.000486561946908124,0.0185995581841589
"22853","MSN5-TRg-9","GTCACCAATTTCTATTTACC","R2877.H.015",3,"O","MSN5",0,"AC5",0.00179578831230254,-0.0289422317420782,0.0613083917119039,-0.019083425948285,-0.0125738849119348,0.0275965779537763,0.0113873160940428,-0.00135357763548116,0.0458834590277263,0.0252819532988977,0.0050168692292808,-0.00538904829981612,0.0338598095371309,-0.124916844929017,-0.185221972426048,-0.196118104797558,-0.044348368841244,-0.0691276356343486,-0.0496929245886988,-0.168752307384208,-0.0543896430214305,0.0383515612675636,0.0130402219585495,-0.111570975202819,-0.0970222402816829,0.0676757087602423,-0.12671263324132,-0.156279740683969,-0.257426496509462,-0.025264942892959,-0.0565537507224139,-0.0772895025424751,-0.18013962347825,-0.0530360653859493,0.0685455980923523,0.0261900607917641,-0.1165878444321,-0.102001067891897,0.0836681639858479,6,6,0.0106004207438507,0.0791424757823273
"30841","MSW1-NRg-5","TGTAGAAACGTTTGAATTTA","R2877.H.021",13,"B","MSW1",0,"C25",0.0173905986354423,0.0149868122733929,0.0162964085534423,0.0848356556921781,0.0456952597682798,0.0244142427893153,0.0162246064874259,0.0516483860832577,0.00120350067349663,0.0306474561584827,0.0339364962853418,0.0209024207123788,0.0274360937707815,-0.088913240183663,-0.0927367946796687,-0.0980876454156907,0.0101315786121303,0.0245204919708015,0.0040897444127348,-0.0932458934263408,0.0129139383318889,0.00460834178319727,0.0104957136800202,-0.040165977547226,-0.0424117478854641,0.0585963453769787,-0.106303838819105,-0.107723606953062,-0.114384053969133,-0.0747040770800478,-0.0211747677974783,-0.0203244983765805,-0.109470499913767,-0.0387344477513688,0.00431406948017817,0.031153513687126,-0.0741024738325677,-0.0905039579495766,0.0435515529788542,6,6,0.00334246707576805,0.0443091732786997
"17","MTG1-NRg-2","GGTCCGTGTTCTTTGATCTG","R2877.H.001",9,"A","MTG1",0,"A17",0.0655571300717939,0.0438618143462115,0.0470522355273295,0.19523309670144,0.165189905678128,0.0745770376037103,0.0521570599817783,0.145000013327759,0.0117139278485583,0.0628107870042105,0.0985785366547688,0.0700670838377521,0.0649531263581132,-0.0602812899197027,-0.070752543108048,-0.0383763001941975,0.157823446655533,0.0543110329599013,0.0713710173593678,-0.0564700444073161,0.0945018323249342,0.016521182481013,0.0554975756047269,0.0190158939588091,0.00796736638285189,0.0904374060698705,-0.125838419991497,-0.11461435745426,-0.085428535721527,-0.037409650045906,-0.110878872718227,-0.00320602024434247,-0.108627104389094,-0.0504981810028252,0.0208596521094632,0.0550167521935219,-0.0795626426959598,-0.098153704219877,0.0489742663389103,6,6,0.0043352752440803,0.0507910568051692
"193","MTG1-TRg-3","TTGCCGCAGATCAAAGAACA","R2877.H.001",1,"C","MTG1",0,"E1",0.0895759653654185,0.0339083655037402,0.0216827488698881,0.0790410615991133,0.0220448233627133,0.121746014721214,0.0483890265796822,0.074277299894347,0.0361889398908626,0.0500210151712354,0.0613331632370146,0.0564747135514267,0.0415422356191696,-0.0600412221194264,-0.0638772926743134,0.000410695430216546,-0.0686421586076089,-0.0349536895751559,0.130285696982017,-0.0411692731211744,0.00889661626641747,0.0360603549327584,0.106466942870411,-0.0161363284273785,-0.0474974558472911,0.0761984358951701,-0.149617187484845,-0.0977856581780536,-0.0212720534396715,-0.147683220206722,-0.0569985129378692,0.00853968226080282,-0.0895582997008567,-0.0653806836279295,0.0645669066078173,0.0784480363231129,-0.0774694916643931,-0.0773920855579614,0.0656091386045647,6,6,0.0154358052129961,0.093482246195159
"4639","MTM1-NRg-4","TAACGTTGCGCGTGTTTGGG","R2877.H.004",16,"A","MTM1",0,"A31",0.000814971046085633,0.046827345792311,0.0175471625707802,0.0393582952462559,-0.0174670549389715,0.0538795911595971,0.0217298264697256,0.0252569438222938,0.0232896042348389,0.0377057298214098,0.0234933851460097,0.028452728908518,0.0280959651508516,-0.103792057210977,-0.1079319305855,-0.0873818197738916,-0.143984345691329,-0.0541795651079742,-0.0265296738905341,-0.0997019358567896,-0.0748978615632791,0.0108684673763753,0.0614071318167975,-0.0872998987100343,-0.0955869384924342,0.0417151818754053,-0.104607028257062,-0.154759276377811,-0.104928982344672,-0.183342640937585,-0.0367125101690027,-0.0804092650501311,-0.121431762326515,-0.100154805385573,0.0288629227251528,0.0752828903845807,-0.110793283856044,-0.104768005300867,0.0523072215488262,6,6,0.00173392184555581,0.0317176501196252
"4817","MTM1-TRg-2","TTGGTATCTTTGCGTCGGTG","R2877.H.004",9,"C","MTM1",0,"E17",-0.00744793782063469,0.0105592718192553,-0.0098494845534487,0.00810706788761961,0.0029492626263159,0.0269896984705653,-0.00224605018494269,0.0126820096615003,0.0111545533483359,0.012656350503647,0.00521797973827879,0.00552816525696775,0.0134423583727897,-0.156399369275481,-0.0988692831496993,-0.127838971242609,-0.0092987711307666,0.0116092768807134,-0.0424464276557543,-0.127702541222596,-0.0133786406352692,0.0287652857151242,0.027257820888945,-0.0705405909289328,-0.0706578554027268,0.0674474496063783,-0.148951431454846,-0.109428554968955,-0.11798948668916,-0.0174058390183862,0.00866001425439755,-0.0694361261263197,-0.125456491037654,-0.0260606502967694,0.0207925841800646,0.0397609243389725,-0.0757585706672116,-0.0894323405476372,0.0613935258105119,6,6,0.0128110318551266,0.0860966791465873
"9247","NAR1-TRg-1","AAGAAACTTGTCTTGTCAGC","R2877.H.007",16,"A","NAR1",0,"A31",0.0322494369774287,0.0129162766957482,0.0233542156578848,0.0501463335025936,0.0360459609540542,0.0565577435579709,0.0228399764436872,0.0475833460048729,0.00967683331965319,0.0104933305047868,0.0352116612242801,0.0341476989657414,0.0162840638798808,0.00587250017550889,-0.0558213379979049,-0.0199619598628755,-0.0943766182119532,-0.15876520306887,-0.00305267144839672,-0.0233035992284238,-0.0853981642430732,0.0309823713162643,0.0782435786673108,-0.0543508817357485,-0.0378916489303902,0.0631625401272476,-0.0263769368019198,-0.0687376146936531,-0.0433161755207603,-0.144522951714547,-0.194811164022924,-0.0596104150063677,-0.0461435756721111,-0.132981510247946,0.0213214071199274,0.0683353077625665,-0.0895625429600286,-0.0641740148500104,0.0656656282986042,6,6,0.00978090071277922,0.075618113116517
"30167","NDC1-NRg-10","AGGTTGCCAAGAACTGCTGA","R2877.H.020",12,"K","NDC1",0,"U23",-0.0983680336620378,-0.0642704701976526,-0.0541151207328172,0.00444326516116522,-0.00307314197418318,-0.0374247744232949,-0.0722512081975026,-0.012018217078771,0.0231807939887093,0.0223213790150053,-0.0421347126381368,-0.0457699475780561,0.0387639166514964,-0.187921186129043,-0.151745339051435,-0.122729715790814,-0.125787413545559,-0.138665155216009,-0.126792794920036,-0.154132080323764,-0.130415121227201,0.0326612056060523,0.00716240138077983,-0.142273600775483,-0.132728975068022,0.0248187425690444,-0.0895531524670052,-0.0874748688537823,-0.0686145950579971,-0.130230678706725,-0.135592013241826,-0.0893680204967406,-0.0818808721262615,-0.11839690414843,0.0115358309684746,0.0252822673339798,-0.100138888137346,-0.0894605864818729,0.0266258061561567,6,6,0.000109154297755951,0.00960280147562111
"11727","NDC1-NRg-11","CCAAGAACTGCTGAAGGTTC","R2877.H.008",8,"K","NDC1",0,"U15",0.0286010150112466,-0.0126519998802286,0.017419797631542,-0.0647380496990098,0.036376102029142,0.112701394957712,0.01112293758752,0.0281131490959482,0.0213351973091314,0.0890078447295722,0.0196180433417341,0.0230104063213943,0.0586313483827518,-0.075568184860404,-0.0267462950421047,-0.0630902503382145,-0.0894669102577206,-0.0469983778497065,-0.0487241734533703,-0.055134910080241,-0.0617298205202658,0.0253645384409541,0.0240365181119088,-0.0584323653002534,-0.0559072118957924,0.022394049620832,-0.104169199871651,-0.0140942951618761,-0.0805100479697565,-0.0247288605587108,-0.0833744798788485,-0.161425568411083,-0.066257847667761,-0.089842969616214,0.0466981372723247,0.068577536438917,-0.0780504086419875,-0.0819422639243025,0.054039940827978,6,6,0.00698839074513498,0.0657320244113905
"32083","NOP19-TRg-4","TGGCCGCTGTTTCTTCTTGA","R2877.H.021",10,"O","NOP19",0,"AC19",0.0499366559046026,0.110306630722118,0.0624919431746858,0.0387650435761742,-0.00928981637892501,0.0188020480168178,0.0742450766004689,0.0160924250713557,0.0318549144381219,0.0241417466995655,0.0451687508359123,0.0443508497403884,0.0406637807758497,-0.068175467731221,-0.0706211139205397,-0.0247726118901719,-0.0676577757953798,-0.0870435848052582,-0.0159785576190494,-0.0545230645139775,-0.0568933060732291,0.0257936497962543,0.0367350633393148,-0.0557081852936033,-0.0679166217633004,0.0284182390878969,-0.118112123635824,-0.180927744642658,-0.0872645550648576,-0.106422819371554,-0.0777537684263332,-0.0347806056358673,-0.128768141114446,-0.0729857311445848,0.0477321830828036,0.0360583184837779,-0.100876936129516,-0.0968436872182058,0.0486305318920619,6,6,0.00178523817762541,0.0321954747960872
"33221","NOP19-TRg-6","TGATCCTGCTTTAAAGGCAT","R2877.H.022",3,"K","NOP19",0,"U5",0.00211885065704731,0.0136648010130094,0.0143293867456471,0.00881806132830776,0.00533750273273159,0.00598458283498093,0.0100376794719013,0.00671338229867343,0.00686595265773274,0.00185119786301158,0.00837553088528734,0.00740132208164435,0.00485206979332301,-0.148286122067518,-0.159244434683239,-0.184692600771403,-0.198724161079969,-0.149335239185867,-0.0634201937269019,-0.16407438584072,-0.137159864664246,0.0186776402160936,0.0684687571372977,-0.150617125252483,-0.154289836934553,0.0472445490425605,-0.150404972724566,-0.172909235696248,-0.19902198751705,-0.207542222408277,-0.154672741918599,-0.0694047765618828,-0.174112065312621,-0.143873246962919,0.0243308164915951,0.0696990696115425,-0.15899265613777,-0.163790988807424,0.0495408459243563,6,6,0.000313144541804681,0.0157773256401315
"36289","NSE5-NRg-2","TGGTCTTGAATTAGTTTTGA","R2877.H.024",1,"K","NSE5",0,"U1",0.1361506701159,0.0485599028759365,0.100344087422438,0.101464288156598,-0.00704176315473548,0.0751507481930682,0.0950182201380915,0.0565244243983102,0.0440375893205933,0.0566003157798153,0.0757713222682009,0.087747417807753,0.0500169341418925,-0.049412738354206,-0.0327474951587998,-0.0450600472098142,-0.00944416993393205,-0.00517486265004585,-0.00299354805126839,-0.04240676024094,-0.00587086021174876,0.00864364110169471,0.00328114920762484,-0.0241388102263444,-0.0210958325463659,0.0208483329292766,-0.185563408470106,-0.0813073980347363,-0.145404134632252,-0.11090845809053,0.00186690050468963,-0.0781442962443366,-0.137424980379032,-0.062395284610059,0.0525840194823723,0.0580137389086633,-0.0999101324945452,-0.0961079280626331,0.0643514240478748,6,6,0.00621798192112946,0.0616628029761674
"33551","NUT2-NRg-12","ATGAATGGCATCTTGTTACC","R2877.H.022",24,"N","NUT2",0,"AA47",0.0439078047488382,0.019866171650486,0.0230268975334667,-0.0155085514098667,0.0467927061724707,0.0145387454774255,0.0289336246442636,0.0152743000800098,0.013063961856191,0.0311571413084581,0.0221039623621367,0.0214465345919763,0.0226395001230942,-0.0721734586426148,-0.0684827019862695,-0.097718732831868,-0.0885999001164102,0.0147504562098688,-0.0857125020632226,-0.0794582978202508,-0.0531873153232546,0.015921307618541,0.0588535459215887,-0.0663228065717527,-0.0789429803529187,0.0411575086459172,-0.116081263391453,-0.0883488736367555,-0.120745630365335,-0.0730913487065434,-0.0320422499626019,-0.100251247540648,-0.108391922464514,-0.0684616154032645,0.0175137641456857,0.034339374783113,-0.0884267689338894,-0.0943000605887018,0.0327520787831862,6,6,0.00047990711737675,0.0184239019954293
"9351","ORC2-TRg-2","CACTCACCGCATCATTGAGG","R2877.H.007",20,"B","ORC2",0,"C39",0.0775542185244003,0.0444547040453926,0.0442751008336835,0.0211906443958185,0.0198718119839849,-0.0355288606205495,0.0554280078011588,0.00184453191975131,0.0191620710012091,0.0323730239892906,0.028636269860455,0.032732872614751,0.037781420369894,-0.0646597439802437,0.0101901855961237,-0.167100103766402,-0.314425369967479,-0.253900724768416,-0.290447822586313,-0.0738565540501741,-0.286257972440736,0.0890022340290335,0.0304790797482453,-0.180057263245455,-0.210500414267409,0.130669267794996,-0.142213962504644,-0.0342645184492689,-0.211375204600086,-0.335616014363297,-0.273772536752401,-0.254918961965764,-0.129284561851333,-0.288102504360487,0.0892604382587475,0.0422139141178495,-0.20869353310591,-0.233147083282925,0.107082761507955,6,6,0.00343410513101779,0.0449094596446697
"4131","PBP1-TRg-2","GGAAGGAAAGCTCAATTGGG","R2877.H.003",2,"L","PBP1",0,"W3",0.0208178078485299,0.00591465238862821,0.0268388382513087,0.0555838843397973,0.012721485274362,0.0150794846916891,0.0178570994961556,0.0277949514352828,0.0107717098904893,0.0240947843794406,0.0228260254657192,0.0179486462701095,0.0175574376733009,-0.0198991474203449,-0.0391601525854886,-0.0334587026744302,-0.130391287167906,-0.0467631117302871,-0.0488666437263157,-0.0308393342267546,-0.0753403475415029,0.00989405873701138,0.047687112273936,-0.0530898408841287,-0.0429616321578878,0.0392795530262144,-0.0407169552688749,-0.0450748049741168,-0.0602975409257389,-0.185975171507703,-0.0594845970046491,-0.0639461284180047,-0.0486964337229102,-0.103135298976786,0.0102804172951302,0.0717761079771123,-0.0759158663498479,-0.059891068965194,0.0546998690810181,6,6,0.00804271603244398,0.0699756166395112
"26903","PCM1-NRg-1","TCGATTGCTGAAACCATTAA","R2877.H.018",12,"I","PCM1",0,"Q23",0.0293003489119885,0.0162901625193432,0.0259823290848813,-0.00872345820811926,-0.0323257109450825,0.00887022038662844,0.0238576135054043,-0.0107263162555244,0.00676032911277973,0.020670867660558,0.00656564862493995,0.0125801914529858,0.0234095960480743,-0.0153376313776283,-0.151193123066093,-0.103096498850685,-0.0349860278511982,-0.0476010352820171,-0.0841304603970174,-0.0898757510981354,-0.0555725078434109,0.0688859186178933,0.0255235595805216,-0.0727241294707732,-0.0658657478395173,0.0501168883744235,-0.0446379802896169,-0.167483285585436,-0.129078827935566,-0.0262625696430789,-0.0152753243369346,-0.0930006807836459,-0.11373336460354,-0.0448461915878865,0.0628438914450854,0.0420632976849501,-0.0792897780957131,-0.0688193305366314,0.0609188235561417,6,6,0.0107698791166553,0.0794856177380211
"3675","PCP1-NRg-3","CATTTATGAGAGTTATATGA","R2877.H.003",14,"G","PCP1",0,"M27",0.00489942292626533,0.0448331435775926,-0.00862164584376313,-0.0021655073370348,0.107794831135476,0.0188788263099784,0.0137036402200316,0.0415027167028064,0.0277936919036903,0.0583669368874819,0.027603178461419,0.0118891246181219,0.0436292567951182,-0.0902136179717954,-0.00515264326753329,-0.16341136473217,-0.0539276217508937,-0.0213358035243685,-0.045329702016851,-0.0862592086571663,-0.0401977090973711,0.0792034326571526,0.0168911120806746,-0.0632284588772687,-0.0496286618838724,0.0570954979600696,-0.0951130408980607,-0.0499857868451259,-0.154789718888407,-0.0517621144138589,-0.129130634659844,-0.0642085283268294,-0.0999628488771979,-0.0817004258001775,0.0525700154176224,0.0415445163550733,-0.0908316373386877,-0.0796607846124451,0.0435416602010951,6,6,0.00160901131361112,0.0308944897930925
"24005","PDA1-TRg-5","CCACCCCTTCCTTACTCAAC","R2877.H.016",3,"K","PDA1",0,"U5",-0.00973612073327912,0.0292187888579589,0.0210114970016984,0.0463016165557921,-0.005524846137968,0.0270609985792361,0.0134980550421261,0.0226125896656867,0.0205355813863469,0.026198030751061,0.0180553223539064,0.0240362477904672,0.0216365706539819,-0.118433807360513,-0.0721698992955968,-0.0275134231630196,-0.101932365724099,-0.000559544738235607,-0.0499265476547663,-0.0727057099397097,-0.0508061527057004,0.0454625602605011,0.0506921343744985,-0.0617559313227051,-0.0610482234751816,0.0447044956493914,-0.108697686627234,-0.101388688153556,-0.048524920164718,-0.148233982279891,0.00496530139973239,-0.0769875462340024,-0.0862037649818358,-0.0734187423713872,0.0328348423893947,0.076661968411624,-0.0798112536766115,-0.0891881171937791,0.0532081831219352,6,6,0.00608433624946573,0.0608773912208848
"1753","PDE2-NRg-2","GCCCAGTAAAAAGAAATTCT","R2877.H.002",13,"C","PDE2",0,"E25",-0.0404497682579688,0.0223612667700961,-0.0168055546598176,-0.0361963969840244,0.00122699629560441,0.0047966440161995,-0.0116313520492301,-0.0100575855574068,0.0317235844414807,0.0227071286892353,-0.0108444688033185,-0.00778927918210659,0.0246889210687979,-0.0830889966494581,-0.0252000456020176,-0.0637400457244652,-0.194918260659889,-0.165671407221511,-0.206921329702919,-0.0573430293253137,-0.189170332528106,0.0294698833973177,0.0212171636779434,-0.12325668092671,-0.124380201935484,0.0757693089958695,-0.0426392283914894,-0.0475613123721137,-0.0469344910646476,-0.158721863675864,-0.166898403517115,-0.211717973719118,-0.0457116772760836,-0.179112746970699,0.00267921310261175,0.0285313785056164,-0.112412212123391,-0.103141588023989,0.0752810780715333,6,6,0.00786197367096877,0.0693543929850253
"32833","PDS5-TRg-5","TTTCATCTATTTAGCCGCCA","R2877.H.022",1,"G","PDS5",0,"M1",0.046397350014129,0.00799796263381092,-0.00912208165662975,0.193671076847978,0.179601845799619,0.171397358711277,0.0150910769971034,0.181556760452958,0.0284312508832987,0.0112648079603996,0.0983239187250308,0.108897354362703,0.0932059005674907,-0.180835613908507,-0.204851372430008,-0.136851686698414,-0.0508274294614766,0.150600595876948,0.00628976251652302,-0.174179557678976,0.035354309643998,0.0344850203464762,0.103811720305215,-0.0694126240174891,-0.0938395580799454,0.134006598445773,-0.227232963922636,-0.212849335063819,-0.127729605041784,-0.244498506309455,-0.0290012499226715,-0.165107596194754,-0.18927063467608,-0.14620245080896,0.0537791403903405,0.108985413102402,-0.16773654274252,-0.188978465629286,0.0804019093216927,6,6,0.00233197707612415,0.0370381563138198
"23809","PET122-TRg-16","CCTTGACGTGACGAGTCGAG","R2877.H.016",1,"I","PET122",0,"Q1",0.0435821474197537,0.00534632637830135,0.108392105406105,0.094262167462094,0.0570539003086334,0.0811089207281153,0.0524401930680532,0.0774749961662809,0.0520908521085251,0.0188684350684324,0.0649575946171671,0.0690814105183744,0.0376272812727635,0.00432979993046079,-0.0385732990960488,0.0231672999114676,0.00416360470240718,-0.0184731303524133,-0.0062502313057553,-0.00369206641804013,-0.00685325231858713,0.0316423473566144,0.0113304090500728,-0.00527265936831363,-0.00104331330167406,0.0213270826669001,-0.039252347489293,-0.0439196254743501,-0.085224805494637,-0.0900985627596869,-0.0755270306610467,-0.0873591520338706,-0.0561322594860933,-0.084328248484868,0.0253027280326029,0.0077441700115598,-0.0702302539854807,-0.0803759180778418,0.0227724444166548,6,6,0.000206118124360413,0.0127211452132203
"34025","PET8-NRg-2","AATGATCTCATATATTCTCG","R2877.H.023",21,"C","PET8",0,"E41",0.0155936293792094,-0.0173166539278415,0.00650200596002626,0.0431902320019726,-0.0316963858015744,0.00783319265887972,0.00159299380379803,0.00644234628642596,0.0169954548953562,0.0374626777171288,0.004017670045112,0.00716759930945299,0.0261528956214269,-0.0554022360986464,-0.0685860770643729,-0.0138044061654421,-0.13261161468369,-0.0421731088178325,-0.0815788785399976,-0.0459309064428205,-0.08545453401384,0.028592611470565,0.0453436474583389,-0.0656927202283302,-0.0619941565815096,0.0402252241650053,-0.0709958654778557,-0.0512694231365314,-0.0203064121254684,-0.175801846685663,-0.0104767230162581,-0.0894120711988773,-0.0475239002466185,-0.091896880300266,0.0255514554689182,0.0826905667913743,-0.0697103902734422,-0.0611326443071936,0.0598909934196783,6,6,0.0150038996227613,0.0926153859916847
"30733","PFY1-NRg-1","ATGTAATTTATCTTTTCTCA","R2877.H.021",7,"A","PFY1",0,"A13",0.0516403313654199,0.0153623461197905,0.0285391372851842,0.0410121857069174,0.0343927748001116,0.0114045712700046,0.0318472715901315,0.0289365105923446,0.0183638467594675,0.0155396532293981,0.030391891091238,0.0314659560426479,0.0152979225711836,-0.0617909894072537,-0.0479711017181046,0.0394683484911877,-0.0645285030610203,-0.0814328536790636,-0.0939380417800753,-0.0234312475447235,-0.0799664661733864,0.0549091678141801,0.0147595040958192,-0.051698856859055,-0.063159746234137,0.0474553806443203,-0.113431320772674,-0.0633334478378951,0.0109292112060035,-0.105540688767938,-0.115825628479175,-0.10534261305008,-0.055278519134855,-0.108902976765731,0.062570335509834,0.00599601021986628,-0.082090747950293,-0.105441650909009,0.0494274655086588,6,6,0.00404718433600814,0.0493889002531962
"4705","PHO85-NRg-7","GGAAAATGAACTGCACACAG","R2877.H.004",1,"B","PHO85",0,"C1",0.0460562922473231,0.0238366023809942,0.0340214985556848,0.0442832153586958,-0.00746385144349015,0.144172724619856,0.034638131061334,0.0603306961783539,0.0111226719440172,0.0770814765721747,0.047484413619844,0.0391523569571903,0.0512263556714322,-0.0754920418747291,-0.00478619681809223,-0.106375862561018,-0.038341176037278,0.000600721046424724,-0.0575022861568253,-0.0622180337512797,-0.0317475803825595,0.052079405864371,0.0296073722113036,-0.0469828070669196,-0.0479217310970517,0.0414014366939896,-0.121548334122052,-0.0286227991990864,-0.140397361116702,-0.0826243913959739,0.00806457248991488,-0.201675010776681,-0.0968561648126137,-0.0920782765609135,0.0598386630187643,0.105188902246127,-0.0944672206867636,-0.102086362759013,0.0765832668661446,6,6,0.015006388788544,0.0926153859916847
"4329","PHO85-NRg-9","GCACACAGAGGACAAGCAAA","R2877.H.003",5,"N","PHO85",0,"AA9",0.00369018079587846,0.00256631672120933,0.00869689724702916,0.0600985982299214,0.0521222550928508,0.0604919595776516,0.00498446492137232,0.0575709376334746,0.00326379885164809,0.00472279465558749,0.0312777012774235,0.03040957616994,0.0290307423709996,-0.0851911996611001,-0.0603742038653579,-0.106852847329438,-0.0359425905858046,0.0249993100510268,-0.105753004327648,-0.0841394169519652,-0.0388987616208086,0.0232571657713421,0.0654262649036005,-0.0615190892863869,-0.072782701763229,0.0504243178240268,-0.0888813804569786,-0.0629405205865672,-0.115549744576467,-0.096041188815726,-0.027122945041824,-0.1662449639053,-0.0891238818733375,-0.0964696992542832,0.0263054503365284,0.069561999317582,-0.0927967905638104,-0.0924612846363523,0.0472072843582958,6,6,0.00213419343252574,0.0353196870118109
"36403","PPT2-TRg-4","TCAAGAATAATTTCTTAATC","R2877.H.024",10,"L","PPT2",0,"W19",0.000433943435650841,0.00546539683417424,-0.0016922643282582,0.0578511091325025,0.0305099828194455,0.040155723402058,0.00140235864718896,0.0428389384513353,0.0036757855412826,0.0138666516963229,0.0221206485492621,0.0179876898268099,0.0244420787823923,-0.0487734670759772,-0.0579241012881502,-0.0551974916235936,-0.0632800002259271,-0.11618263625371,-0.0164225187314297,-0.053965019995907,-0.0652950517370223,0.00469816627590351,0.0499105758978903,-0.0596300358664646,-0.0565607964558719,0.0323073710924062,-0.049207410511628,-0.0633894981223244,-0.0535052272953354,-0.12113110935843,-0.146692619073155,-0.0565782421334877,-0.0553673786430959,-0.108133990188358,0.00727211165899162,0.0464418352657054,-0.0817506844157267,-0.0599838701279061,0.0414630637618793,6,6,0.0019018565329202,0.0330332168679052
"15863","PRP2-NRg-3","TTCTCGTCATCAGGTTGTAT","R2877.H.011",12,"F","PRP2",0,"K23",-0.001166586,-0.035576718,0.026225175,0.00988323345040842,-0.00312011398322576,0.0052971024798607,-0.003506043,0.00402007398234779,0.0309672938579883,0.00659506349154769,0.000257015491173895,0.00206525823993035,0.0204445589726806,-0.0841522642782104,-0.0851027458671099,-0.0374577971811094,-0.0863064255040498,-0.0746996194770797,-0.098838671002226,-0.0689042691088099,-0.0866149053277852,0.02723758985919,0.012072482014261,-0.0777595872182975,-0.0846275050726601,0.0211932168373068,-0.0829856782782104,-0.0495260278671099,-0.0636829721811094,-0.0961896589544582,-0.0715795054938539,-0.104135773482087,-0.0653982261088099,-0.0906349793101329,0.0167956429896457,0.0169740536052446,-0.0780166027094714,-0.0772825918860322,0.0204732254746312,6,6,8.24776660496968e-05,0.00900960597096523
"15299","PSF1-NRg-1","TTCGCGTTGTAACGACAAGA","R2877.H.010",18,"P","PSF1",0,"AE35",0.251614745201858,0.0974169326523264,0.0934562106617467,-0.01562164384098,0.0162332540531587,0.0456771524940853,0.147495962838644,0.0154295875687547,0.0901912548990782,0.0306572995858339,0.0814627752036993,0.069566681577916,0.0941392119913088,0.0220885434186107,0.0536509228671389,-0.0117100011153455,-0.110698118294864,-0.0155075464650425,-0.0469098689819756,0.0213431550568014,-0.0577051779139606,0.032686836782082,0.0485047962837166,-0.0181810114285796,-0.013608773790194,0.0569477787817423,-0.229526201783248,-0.0437660097851875,-0.105166211777092,-0.0950764744538839,-0.0317408005182012,-0.0925870214760609,-0.126152807781842,-0.0731347654827153,0.0946416406329107,0.0358698284864141,-0.0996437866322789,-0.0938317479649724,0.0702904526781776,6,6,0.00900454354983219,0.0732627395871308
"30361","PSF3-TRg-3","AATGATATACCCATCGCTTC","R2877.H.020",13,"M","PSF3",0,"Y25",0.0420076941963372,0.026326493642912,0.0311839569103769,0.0172377736342191,0.0392993834178119,0.03689181570833,0.033172714916542,0.0311429909201203,0.00802753894443998,0.0121022888907442,0.0321578529183312,0.0340378863093534,0.00925195357804541,-0.0946156105674847,-0.119991483310876,-0.0698442719304584,-0.00192900806900731,-0.0577576874159429,-0.0500012585351417,-0.094817121936273,-0.0365626513400306,0.0250742129972584,0.0302433047452507,-0.0656898866381518,-0.0638009796732006,0.0404403815396558,-0.136623304763822,-0.146317976953788,-0.101028228840835,-0.0191667817032264,-0.0970570708337548,-0.0868930742434717,-0.127989836852815,-0.067705642260151,0.0238472828045768,0.0423419702516929,-0.097847739556483,-0.099042649837295,0.0451095264006234,6,6,0.00142776219992181,0.0290101946164107
"32271","PUP2-NRg-4","TAAGCACTAAATTATCCTTA","R2877.H.022",8,"A","PUP2",0,"A15",0.0238600298366602,-0.021414464056978,0.00399847077671356,0.0494132788898565,0.0494412887023186,0.0539762490905906,0.00214801218546527,0.0509436055609219,0.0226938999971295,0.00262638367740317,0.0265458088731936,0.0366366543632584,0.0303820238822092,-0.158039857721463,-0.290685920172289,-0.0416003613855818,0.00864079723793232,-0.147653966905814,-0.0492561857908909,-0.163442046426445,-0.0627564518195907,0.124630620760408,0.0790171260665784,-0.113099249123018,-0.0984550763483523,0.108406069136277,-0.181899887558123,-0.269271456115311,-0.0455988321622953,-0.0407724816519242,-0.197095255608132,-0.103232434881481,-0.16559005861191,-0.113700057380513,0.112724746913435,0.0786853274437337,-0.139645057996211,-0.142566161219802,0.0914716972455881,6,6,0.00807749548622259,0.0699756166395112
"32737","QCR7-NRg-6","ATCTATAGACAATGTACATA","R2877.H.022",1,"F","QCR7",0,"K1",0.0216804899692573,-0.0319137404460625,0.0359072904058566,0.0290260079253721,0.0122674879621907,0.0391779479846877,0.00855801330968379,0.0268238146240835,0.0357641245064804,0.0135897187666921,0.0176909139668836,0.0253532489473147,0.0261838322719625,-0.106565908410189,-0.129845871814662,-0.0590302539881136,-0.128817004276341,0.0267818034158553,0.031139709102562,-0.098480678070988,-0.0236318305859745,0.0360935055691101,0.0911190891564328,-0.0610562543284812,-0.0827980811991511,0.0743160602570977,-0.128246398379446,-0.0979321313685992,-0.0949375443939702,-0.157843012201713,0.0145143154536647,-0.00803823888212563,-0.107038691380672,-0.050455645210058,0.0184273442171287,0.0936813181419726,-0.0787471682953649,-0.0964348378812847,0.0678733739228378,6,6,0.0166974684376302,0.0985216722787615
"18443","QCR8-NRg-10","AAATCCTTGGACTAGTCACG","R2877.H.013",6,"A","QCR8",0,"A11",0.0321516787791634,0.0326477481405991,-0.0461099499247386,0.112497919767214,0.0723737540706166,0.037734741196648,0.00622982566500796,0.0742021383448264,0.045328253912892,0.0374151100397184,0.0402159820049172,0.0351912446686236,0.052610711952446,-0.0441523166524926,-0.0819376917989745,-0.0758334520849422,-0.14531847037178,-0.0281088453893183,-0.0259692554923812,-0.0673078201788031,-0.0664655237511597,0.0202841919555432,0.0682970340080557,-0.0668866719649814,-0.0599928843687174,0.0450620256759097,-0.076303995431656,-0.114585439939574,-0.0297235021602036,-0.257816390138994,-0.100482599459935,-0.0637039966890292,-0.0735376458438111,-0.140667662095986,0.0424985486628549,0.103106909404831,-0.107102653969899,-0.0883932974457955,0.0795411609595384,6,6,0.0115547760856506,0.0819646884108997
"20657","QCR9-NRg-13","AATGATACATATTAACAACT","R2877.H.014",9,"H","QCR9",0,"O17",0.0226085620082899,-0.0322905603917576,-0.00437485298880635,0.0347241946463328,0.0230627538711552,0.0524824059501978,-0.00468561712409136,0.0367564514892286,0.0274508805110999,0.0148147403966321,0.0160354171825686,0.0228356579397225,0.030073983188581,-0.0632216817799951,-0.0659464169437571,-0.0694635071600311,-0.0853075792627742,-0.0256024444985077,-0.0188239695296339,-0.0662105352945945,-0.0432446644303053,0.00312928344771647,0.0365848812199597,-0.0547275998624499,-0.0645840493618761,0.0264107505928258,-0.085830243788285,-0.0336558565519995,-0.0650886541712248,-0.120031773909107,-0.0486651983696629,-0.0713063754798318,-0.0615249181705031,-0.0800011159195339,0.0262691231597592,0.0364691089765316,-0.0707630170450185,-0.0681975148255283,0.0301734330401478,6,6,0.000755686477379806,0.0221865622713127
"25967","RCL1-TRg-5","ATTACTTGCACTTACTTTGA","R2877.H.017",24,"O","RCL1",0,"AC47",0.0183868782884538,0.0282085475594467,0.127085594099188,0.0327390403516374,0.0321251050156652,0.0966422235911637,0.057893673315696,0.0538354563194888,0.0601228552473925,0.0370730187918072,0.0558645648175924,0.0324320726836513,0.0447281490309082,-0.0690240271466092,0.00216097017888739,-0.00951863612274817,-0.0192126982723142,-0.0242303144542184,-0.0123091372381712,-0.02546056436349,-0.0185840499882346,0.0381763639976682,0.00598540019989542,-0.0220223071758623,-0.0157609177552427,0.0247283207767951,-0.0874109054350629,-0.0260475773805593,-0.136604230221936,-0.0519517386239516,-0.0563554194698836,-0.108951360829335,-0.083354237679186,-0.0724195063077234,0.0553898527424774,0.0317140410124498,-0.0778868719934547,-0.0718831624524733,0.040809275645604,6,6,0.00210871101061679,0.0351255493295478
"18629","REF2-TRg-1","TAACAAGCATACACTGTTGG","R2877.H.013",3,"C","REF2",0,"E5",0.0238722933225564,-0.00368722332486815,0.0576011398447855,0.0102323913384659,0.0432613148421683,-0.00217795085882622,0.0259287366141579,0.017105251773936,0.0306958887192165,0.0234863550766287,0.021516994194047,0.0170523423305111,0.0249177597114365,-0.0433325012047301,8.69095637758832e-05,-0.037451379486229,-0.125988719326168,-0.110326668663196,-0.078120461946775,-0.0268989903757277,-0.104811949978713,0.0235547446351183,0.0244059748373569,-0.0658554701772204,-0.0607264815757526,0.0477631638740972,-0.0672047945272864,0.00377413288864403,-0.0950525193310146,-0.136221110664634,-0.153587983505365,-0.0759425110879488,-0.0528277269898857,-0.121917201752649,0.0509578438561481,0.0407511497304394,-0.0873724643712674,-0.0854975152094817,0.0559906231330431,6,6,0.00553466785808249,0.0576617410203396
"34893","RET1-NRg-1","CAATTTCGTCCGACGTGATC","R2877.H.023",23,"L","RET1",0,"W45",0.00281541092821636,0.010392150188741,0.0086146923241246,-0.0190299908128466,0.000923062575186373,0.00846310881196688,0.00727408448036064,-0.00321460647523112,0.00396228046692366,0.0142059093557247,0.00202973900256476,0.00563925987009162,0.0109547616239344,-0.0395851174190658,-0.101624545905179,0.0254770501531754,-0.077135438797066,-0.147524979815313,-0.17096051625613,-0.03857753772369,-0.131873644956169,0.0635567883296285,0.0488314396900665,-0.0852255913399297,-0.0893799923511227,0.0719780454403495,-0.0424005283472821,-0.11201669609392,0.0168623578290508,-0.0581054479842193,-0.148448042390499,-0.179423625068097,-0.0458516222040506,-0.128659038480938,0.0645087991798498,0.0630335508244475,-0.0872553303424945,-0.0850610720390699,0.0728763743445151,6,6,0.0159447063302826,0.0960312712429709
"30363","RHO3-NRg-5","TGGCACCAGTATATCTATGA","R2877.H.020",14,"M","RHO3",0,"Y27",0.00473228984718399,0.0267452210440062,0.00128672435447941,0.0107520078740977,-0.0228543146954396,-0.0293290640775241,0.0109214117485565,-0.0138104569662887,0.0138116865680915,0.021516658759357,-0.00144452260886607,0.0030095071008317,0.0210948172556016,-0.0791699159747785,-0.104993310202877,-0.0668186264541482,-0.129629030082451,-0.0181908341483901,-0.0740540342069549,-0.0836606175439344,-0.0739579661459319,0.0194795128344184,0.0557191600803869,-0.0788092918449332,-0.0766119750908667,0.0377077302602181,-0.0839022058219625,-0.131738531246883,-0.0681053508086276,-0.140381037956548,0.00466348054704957,-0.0447249701294308,-0.094582029292491,-0.0601475091796432,0.033133659399365,0.073741908844643,-0.0773647692360671,-0.076003778315295,0.0544977454094988,6,6,0.00744795977224479,0.0680234154470516
"31791","RIC1-NRg-4","TATTATAAAAAAAGCGAAAA","R2877.H.021",8,"L","RIC1",0,"W15",0.0478730740338678,0.068508276298008,0.0546206211605891,0.0938809121534516,0.102685773489861,0.144546899555344,0.057000657164155,0.113704528399552,0.010521469557728,0.0270706536617068,0.0853525927818536,0.0811945942257298,0.036083338931627,-0.0940412605917156,-0.00285069060424625,-0.0389025161560399,0.0553119508431299,0.0959394174676882,-0.00634077464999527,-0.0452648224506672,0.0483035312202743,0.0459269988100668,0.0514990085740986,0.00151935438480351,-0.00459573262712076,0.0673133410560871,-0.141914334625583,-0.0713589669022543,-0.093523137316629,-0.0385689613103217,-0.00674635602217255,-0.15088767420534,-0.102265479614822,-0.065400997179278,0.036080969918887,0.0757241606988812,-0.0838332383970501,-0.0824410521094416,0.0567634651964378,6,6,0.00674417855678996,0.0645205103641563
"27665","RLP7-NRg-1","TGTGGCAGCCTCTTCTTTCT","R2877.H.019",9,"A","RLP7",0,"A17",0.100429569941421,0.017100236522664,0.0742598982945541,0.0591427777983471,0.0560328814061737,0.0208855693979821,0.0639299015862131,0.045353742867501,0.0426142708021545,0.0212470350541755,0.0546418222268571,0.0575878296022604,0.0317881602433976,-0.0392425484657517,0.0316158020079951,0.0343358987139117,0.0064933277060033,-0.0535626015650175,-0.105491777898728,0.0089030507520517,-0.0508536839192473,0.0417174876347246,0.0560416777535645,-0.0209753165835978,-0.0163746103798742,0.0549878856619157,-0.139672118407173,0.0145155654853311,-0.0399239995806424,-0.0526494500923438,-0.109595482971191,-0.12637734729671,-0.0550268508341614,-0.0962074267867482,0.078195476550905,0.0386442847371088,-0.0756171388104548,-0.0811224665317675,0.0595979636320099,6,6,0.0114756887923852,0.0819234128075703
"25645","RPC11-TRg-1","TTTGGACATCTATTATTACA","R2877.H.017",7,"L","RPC11",0,"W13",0.0366783080776838,0.0666611614956258,0.0599662220623864,0.0104331797693566,0.0346444036843716,-0.0227601148666479,0.054435230545232,0.00743915619569346,0.0157380677067604,0.0288191398273495,0.0309371933704627,0.0356613558810277,0.0330738739716497,-0.189963674256315,-0.125600685952332,-0.0308214976571546,-0.10530678597028,-0.0955147132663372,-0.110377474482936,-0.115461952621934,-0.103732991239851,0.0800540662823461,0.00755533190108507,-0.109597471930892,-0.107842130226608,0.0512597813877532,-0.226641982333998,-0.192261847447958,-0.090787719719541,-0.115739965739636,-0.130159116950709,-0.0876173596162884,-0.169897183167166,-0.111172147435544,0.0706344733393256,0.0216355957237044,-0.140534665301355,-0.122949541345173,0.0567231881773359,6,6,0.000982528203803855,0.0244965865905863
"34951","RPT5-NRg-5","TTTGCCACCACATATTGGCC","R2877.H.023",4,"M","RPT5",0,"Y7",-0.0235208235225666,0.0106325789361394,0.010292796076717,-0.0371511323411291,-0.0117019103600793,-0.024593170890846,-0.000865149503236721,-0.0244820711973515,0.0196211247651732,0.0127249747432601,-0.0126736103502941,-0.0176113669413229,0.0196492520162632,-0.173041825392145,-0.21663872339114,-0.270711456736192,-0.204778096003329,-0.116285216140319,-0.140410354540337,-0.220130668506492,-0.153824555561328,0.0489283607147942,0.0457460712890836,-0.18697761203391,-0.188909960697737,0.0557998673154178,-0.149521001869578,-0.227271302327279,-0.281004252812909,-0.167626963662199,-0.10458330578024,-0.115817183649491,-0.219265519003256,-0.129342484363977,0.0661062080642215,0.0336277566802684,-0.174304001683616,-0.158573982765889,0.0680160889291061,6,6,0.000937190762924744,0.0239589121000824
"34121","RPT5-TRg-11","TGGTTGTTGGTCGGCAGCCT","R2877.H.023",21,"D","RPT5",0,"G41",-0.00325316972987721,-0.0172666475385412,-0.00919624320052748,0.0279914896336282,-0.0203667817898705,0.0177568799652275,-0.00990535348964864,0.00846052926966171,0.00703359922977439,0.0254842540789092,-0.000722412109993464,-0.00622470646520235,0.0195130516447842,-0.0359308600321131,-0.0482146665887822,-0.0710042393149726,-0.0648670495743664,-0.136876818625677,-0.177775214419535,-0.0517165886452893,-0.126506360873193,0.0177969962956454,0.0571640028135978,-0.0891114747592411,-0.0679356444446695,0.0557838285428547,-0.0326776903022359,-0.0309480190502409,-0.0618079961144451,-0.0928585392079946,-0.116510036835807,-0.195532094384763,-0.0418112351556406,-0.134966890142855,0.0173392842208861,0.053767613938668,-0.0883890626492477,-0.0773332676612198,0.0622899321817674,6,6,0.00826245305972737,0.0702611543765605
"13575","RSC6-NRg-1","TTTCATTCTATTTAAAAACG","R2877.H.009",20,"N","RSC6",0,"AA39",0.0493381423652584,-0.092589474270997,0.0671760926603626,-0.0142889096087173,0.0185593456109905,-0.0361607625032976,0.00797492025154134,-0.0106301088336748,0.0875468229117779,0.0275429242337017,-0.00132759429106673,0.00213521800113659,0.0589327386356207,-0.0826646149372248,-0.0911814775435402,-0.0769982593762821,-0.128871449423183,-0.138124717491065,-0.108246635991736,-0.083614783952349,-0.125080934301995,0.00713919009853265,0.0152954549518184,-0.104347859127172,-0.0997140567676381,0.0250958179469063,-0.132002757302483,0.00140799672745673,-0.144174352036645,-0.114582539814466,-0.156684063102056,-0.0720858734884384,-0.0915897042038904,-0.11445082546832,0.0807679776488206,0.0422992486100772,-0.103020264836105,-0.123292648558474,0.0590073412231316,6,6,0.00386423835531189,0.0481112985319882
"22105","RVB1-TRg-1","CATTTAAGAGTACGTATTGA","R2877.H.015",13,"G","RVB1",0,"M25",0.0503930113242268,0.00692929889610072,0.035622666259822,0.180188316258887,0.0117529726080614,0.0397591725778204,0.0309816588267165,0.0772334871482562,0.0221004024172483,0.0902544150559179,0.0541075729874864,0.0376909194188212,0.0639959715651043,-0.0467305322763374,-0.0451354805646904,-0.0672208497072213,0.0785968942549884,-0.0314674680492248,-0.121395066497322,-0.0530289541827497,-0.0247552134305196,0.0123163903569124,0.100164798521927,-0.0388920838066347,-0.0459330064205139,0.0656787138925704,-0.0971235436005642,-0.0520647794607911,-0.102843515967043,-0.101591422003898,-0.0432204406572863,-0.161154239075143,-0.0840106130094662,-0.101988700578776,0.0278133373007998,0.0589679029219748,-0.092999656794121,-0.0993574828022313,0.0423943582629144,6,6,0.00130538700700329,0.0282045574339238
"35059","RVB2-NRg-3","TTCAAACTGATCACGTGAAA","R2877.H.023",10,"N","RVB2",0,"AA19",0.0261849623157246,0.0127861818309583,0.0124428406474468,0.00779574429259489,-0.059856689044175,-0.0461849278263009,0.0171379949313766,-0.032748624192627,0.00783678409375728,0.0357716874860375,-0.00780531463062521,0.0101192924700209,0.0358191841685343,-0.0280567853415685,0.00849568262877076,-0.0814209896931,-0.0704512363735339,-0.0837843745775277,-0.217736524265729,-0.0336606974686326,-0.12399071173893,0.0452195186142617,0.0814595063103376,-0.0788257046037813,-0.0759361130333169,0.0769417692559343,-0.0542417476572932,-0.00429049920218749,-0.0938638303405468,-0.0782469806661288,-0.0239276855333528,-0.171551596439428,-0.0507986924000092,-0.0912420875463031,0.0448858149634612,0.0746649808807418,-0.0710203899731561,-0.066244364161711,0.0593846677622266,6,6,0.0137317942150713,0.0889986989794461
"4825","RVS161-TRg-5","GGCTGGACGATCCAAATGCG","R2877.H.004",13,"C","RVS161",0,"E25",0.0701805476451878,0.00115703010412327,0.0576014549198431,-0.0152070629933476,0.00811593275646039,-0.0277793506417388,0.0429796775563847,-0.0116234936262087,0.0367615121204952,0.0182139869225845,0.015678091965088,0.00463648143029183,0.03959438253287,-0.117293659604728,-0.0152602924582723,-0.0361416359132671,-0.0722135584290493,-0.0229253928534825,-0.0695856031074764,-0.0562318626587558,-0.0549081847966694,0.0539019008090133,0.0277290600751979,-0.0555700237277126,-0.0528636195103718,0.0383438640504087,-0.187474207249916,-0.0164173225623956,-0.0937430908331103,-0.0570064954357017,-0.0310413256099429,-0.0418062524657377,-0.0992115402151405,-0.0432846911704607,0.0856594560088537,0.0130455680893107,-0.0712481156928006,-0.0494063739507197,0.062780852442621,6,6,0.0168054386598133,0.0985979214522607
"5879","SAC6-NRg-1","AGCCGTTCACGTAAGAAAAT","R2877.H.004",12,"N","SAC6",0,"AA23",0.131345320664391,0.142721682330995,0.0609966291648074,0.295217315562357,0.277721011306623,0.149877271297022,0.111687877386731,0.240938532722,0.0442668881435648,0.0793451017069331,0.176313205054366,0.146299476814008,0.0911800449204667,-0.0704666983485231,-0.0412738862490807,-0.0638988706046142,0.0812368135534833,0.0616724419391765,0.00871365421129333,-0.058546485067406,0.0505409699013177,0.0153147344989237,0.0375211195533981,-0.00400275758304414,-0.0162801160188937,0.065015167857902,-0.201812019012914,-0.183995568580076,-0.124895499769422,-0.213980502008873,-0.216048569367447,-0.141163617085728,-0.170234362454137,-0.190397562820683,0.0402624617809701,0.0426503843490798,-0.18031596263741,-0.192903793796495,0.0387041966745437,6,6,5.53798872027305e-05,0.00872802632532476
"4033","SAC6-TRg-11","GTCCTATTTTCTTACGTGAA","R2877.H.003",1,"K","SAC6",0,"U1",0.0834242291165106,-0.00464424487625958,0.0792947137536968,0.0086061973735243,0.00492550526672386,0.0136661765276007,0.0526915659979826,0.00906595972261629,0.0496971793036394,0.00438843589287933,0.0308787628602994,0.0111361869505625,0.0395801118871281,-0.144955409653981,-0.0686940734769204,-0.0586837450208701,-0.115627731704756,-0.039913146485536,-0.144731160744081,-0.0907777427172573,-0.100090679644791,0.0471854465378834,0.054108724049932,-0.0954342111810242,-0.0921609025908381,0.0456914367423626,-0.228379638770492,-0.0640498286006608,-0.137978458774567,-0.12423392907828,-0.0448386517522599,-0.158397337271682,-0.14346930871524,-0.109156639367407,0.0823023918389765,0.0582613702464502,-0.126312974041324,-0.131106193926424,0.066486360777954,6,6,0.00304280489828744,0.0421982787832265
"15757","SCD5-TRg-6","TACTATTTCTAGAGAGTACT","R2877.H.011",7,"E","SCD5",0,"I13",-0.043335521,0.012292615,-0.020944455,0.0336597717633877,0.0142584981041747,0.015902524665242,-0.0173291203333333,0.0212735981776015,0.0279897367310346,0.0107581912004898,0.00197223892213407,0.0132755565520873,0.0284027565387923,-0.0753563557115755,-0.0598726022276472,-0.0262520814060729,-0.109513330792174,-0.105452720411555,-0.0380346626443706,-0.0538270131150986,-0.0843335712827,0.0251041689676403,0.0401474014724624,-0.0690802921988993,-0.0676144789696114,0.0342929771992567,-0.0320208347115755,-0.0721652172276472,-0.00530762640607294,-0.143173102555562,-0.11971121851573,-0.0539371873096126,-0.0364978927817652,-0.105607169460301,0.0336528958536877,0.0462596508013625,-0.0710525311210333,-0.0630512022686299,0.0523623597018927,6,6,0.00833682057714123,0.0702611543765605
"1171","SDH7-NRg-4","AGCACTTCCTCCGCATCAGC","R2877.H.001",10,"M","SDH7",0,"Y19",0.0143517795326393,-0.0282348745192613,0.0195749298062136,0.0567342505933823,-0.0264073766395685,0.00548656497299804,0.00189727827319719,0.011937812975604,0.0262255657446343,0.0419445645504764,0.00691754562440057,0.00991917225281869,0.031766246531738,-0.0580971304344211,-0.0181781664487346,-0.0225332685326949,-0.123143229808641,-0.0884076637217168,-0.103885730344277,-0.0329361884719502,-0.105145541291545,0.0218985496978579,0.0174020180025742,-0.0690408648817476,-0.073252397078069,0.0433267570233453,-0.0724489099670604,0.0100567080705267,-0.0421081983389084,-0.179877480402024,-0.0620002870821483,-0.109372295317275,-0.0348334667451474,-0.117083354267149,0.0417311099991602,0.0593157103880509,-0.0759584105061482,-0.0672245985246044,0.0642919031873768,6,6,0.0151730946420073,0.0930796904002244
"34115","SDS22-NRg-8","AGTAAAGTATAGTATTAACA","R2877.H.023",18,"D","SDS22",0,"G35",0.000629823827515752,0.00772754930915642,0.00665144961028585,0.0101061969203124,-0.0181283164279713,-0.0183951809221301,0.00500294091565268,-0.00880576680992965,0.00382525978730775,0.016378784547855,-0.00190141294713849,0.0036406367189008,0.0130523178400369,-0.0904650046683861,-0.031918019033041,-0.0752434814765093,-0.028206288296388,-0.131148718893664,-0.132790102404542,-0.0658755017259788,-0.097381703198198,0.0303769100667117,0.0599132878006674,-0.0816286024620884,-0.0828542430724477,0.0458555962503716,-0.0910948284959019,-0.0396455683421975,-0.0818949310867951,-0.0383124852167005,-0.113020402465692,-0.114394921482412,-0.0708784426416315,-0.0885759363882683,0.0274368157014933,0.0435348506186626,-0.0797271895149499,-0.0864948797913485,0.033958580876775,6,6,0.000841145198926619,0.0226494227247377
"33333","SFI1-TRg-9","TTATTATTATTATCGAATGG","R2877.H.022",11,"L","SFI1",0,"W21",0.0148299420331415,-0.0350144292723007,0.0326985389710057,0.102585294665158,0.0820817033528438,0.0281129001619576,0.00417135057728217,0.0709266327266533,0.0350922455244309,0.0384689626356959,0.0375489916519677,0.0304057195664816,0.0492078349588564,-0.095976331664144,-0.0164625944404508,-0.00875007270579609,-0.0784869271474689,-0.0430698230956295,-0.0505355022284921,-0.040396332936797,-0.0573640841571968,0.0482879171405829,0.0186698945691313,-0.0488802085469969,-0.0468026626620608,0.0340365470699148,-0.110806273697285,0.0185518348318499,-0.0414486116768018,-0.181072221812627,-0.125151526448473,-0.0786484023904497,-0.0445676835140791,-0.12829071688385,0.0647354347896379,0.0512840187943465,-0.0864292001989646,-0.0947273380438676,0.0695065085832375,6,6,0.0137105521792704,0.0889346549989655
"24579","SGV1-NRg-3","TTCACAGAGGTTTGGTGTAT","R2877.H.017",2,"A","SGV1",0,"A3",0.0129211437230687,0.126763591670222,-0.044532454550485,0.0251946832778853,0.0382962854941897,0.030514524156432,0.0317174269476019,0.0313351643095023,0.0871811852408782,0.00658923992993059,0.0315262956285521,0.0278546037171586,0.0552958831610523,-0.0494359946073164,0.021854575800714,-0.0995158629846244,-0.0426659217290775,-0.180660002040997,-0.0667696402542908,-0.0423657605970756,-0.096698521341455,0.0609933357790511,0.0737047826984811,-0.0695321409692653,-0.0581028174308036,0.0674288326153312,-0.0623571383303851,-0.104909015869508,-0.0549834084341394,-0.0678606050069628,-0.218956287535186,-0.0972841644107227,-0.0740831875446775,-0.128033685650957,0.0269493365795828,0.0801038458005929,-0.101058436597817,-0.0825723847088428,0.061076624132516,6,6,0.00479693706774845,0.053451613085693
"33647","SMC5-TRg-5","TATGGCGTTAACTTTCGCGT","R2877.H.022",24,"O","SMC5",0,"AC47",0.0451088087714424,0.0304164262355311,0.0155606491097331,-0.0342273897604859,0.00935849041987935,0.0141604503216677,0.0303619613722355,-0.00356948300631295,0.0147741551252336,0.0266588660605673,0.0133962391829613,0.0148605497157004,0.0267766912631911,-0.0147929917229117,-0.0326679334644018,-0.0205535835013442,-0.109388550197814,-0.121554589304604,-0.0535547325446015,-0.0226715028962192,-0.0948326240156732,0.00912373676120738,0.0362615687761873,-0.0587520634559462,-0.0431113330045017,0.0460589383008786,-0.0599018004943541,-0.0630843596999329,-0.0361142326110773,-0.0751611604373281,-0.130913079724483,-0.0677151828662692,-0.0530334642684548,-0.0912631410093602,0.0147386386983757,0.0345390919912777,-0.0721483026389075,-0.065399771283101,0.0316626435033387,6,6,0.000879774961734816,0.0230779678378825
"34395","SNF2-NRg-6","TTTTAACATATCGCGAACAA","R2877.H.023",14,"G","SNF2",0,"M27",0.0124907126589631,0.0114398247964598,-0.0252652995596987,0.0462779472721506,0.0217826154124945,0.0253281402036478,-0.000444920701425285,0.031129567629431,0.0215014998622435,0.0132381169681017,0.0153423234640028,0.0171366640357288,0.0235395282213024,-0.0950028694510032,0.00239884493748077,-0.0212535392136304,-0.0671607769726834,-0.127416941275889,-0.042453968209601,-0.0379525212423843,-0.0790105621527245,0.0508027114635768,0.0437034295527884,-0.0584815416975544,-0.0548073725911422,0.0479801095841739,-0.107493582109966,-0.009040979858979,0.00401176034606832,-0.113438724244834,-0.149199556688383,-0.0677821084132488,-0.037507600540959,-0.110140129782155,0.0609600009748047,0.0408088319482495,-0.0738238651615572,-0.0876378452616076,0.0611165958208034,6,6,0.0136329509525131,0.0886885427419849
"21121","SNF6-TRg-2","ACAAGGTTTGATCCAGAAAG","R2877.H.014",1,"M","SNF6",0,"Y1",-0.0244247813463956,-0.00328744496279243,-0.0272955928934084,-0.0109780376039224,-0.00167346078020603,-0.014260086890056,-0.0183359397341988,-0.00897052842472812,0.0131111893395832,0.00652903967178183,-0.0136532340794635,-0.0126190622469892,0.0105889535211138,-0.181034705680925,-0.0670644694322151,-0.124080316891384,-0.0960108643252917,-0.0305742047339141,-0.107508479364019,-0.124059830668175,-0.0780311828077415,0.0569851208861638,0.0414990646137896,-0.101045506737958,-0.101759671844655,0.0512189561944599,-0.15660992433453,-0.0637770244694227,-0.0967847239979756,-0.0850328267213694,-0.0289007439537081,-0.0932483924739627,-0.105723890933976,-0.0690606543830134,0.0470576067546311,0.035021246186082,-0.0873922726584947,-0.089140609597666,0.0421855459781833,6,6,0.00160996286775432,0.0308944897930925
"16555","SNU56-TRg-1","CTTATTCTCATGATTGCTAC","R2877.H.011",22,"M","SNU56",0,"Y43",0.048459527,0.031845789,-0.008309776,0.027557326929956,0.00911500786093744,-0.00727568098188791,0.0239985133333333,0.00979888460300186,0.0291868676345706,0.0174265709649202,0.0168986989681676,0.0183361673954467,0.0228629019153106,-0.0585907067838072,-0.0251929674555571,-0.0337649107064006,0.0251453158263093,-0.131828042371521,-0.123053105209533,-0.0391828616485883,-0.0765786105849148,0.0173455438764081,0.0882046925278713,-0.0578807361167516,-0.0461778087451039,0.0604310092756568,-0.107050233783807,-0.0570387564555571,-0.0254551347064006,-0.00241201110364675,-0.140943050232458,-0.115777424227645,-0.0631813749819216,-0.0863774951879167,0.0411429078959336,0.0737968771099623,-0.0747794350849192,-0.0820444951196821,0.0549263613787565,6,6,0.00858727675115884,0.0713914007062715
"34753","SOV1-TRg-6","GATCATGGTGGCCATAATAC","R2877.H.023",1,"K","SOV1",0,"U1",0.0413566138918995,0.00911412370239861,0.00255728538268474,0.0520062092099449,-0.0104779192265874,0.0257392505851346,0.0176760076589943,0.0224225135228307,0.020768398249652,0.0313738288255293,0.0200492605909125,0.0174266871437666,0.0239377566991256,-0.15495880560518,-0.0215581684715187,-0.116944519516025,-0.038071064466016,-0.0388594101628392,-0.168550388991297,-0.0978204978642413,-0.0818269545400508,0.0687257495413483,0.0751057317020422,-0.089823726202146,-0.0779019648394319,0.0649798265789201,-0.19631541949708,-0.0306722921739173,-0.119501804898709,-0.090077273675961,-0.0283814909362519,-0.194289639576432,-0.115496505523236,-0.104249468062882,0.0828941688218462,0.0838571211442922,-0.109872986793059,-0.104789539287335,0.0748286893644388,6,6,0.00830417761276813,0.0702611543765605
"28049","SPC105-NRg-3","TATCTATTTGTATTAAAACG","R2877.H.019",9,"E","SPC105",0,"I17",0.0356592167056604,0.0187618231057107,0.0266322126850236,0.043515583218505,0.102283577493618,0.113774238708356,0.0270177508321316,0.086524466473493,0.00845529167829601,0.0376872903366487,0.0567711086528123,0.0395873999620827,0.0407313673480295,0.00438235874081938,0.0100928778399361,-0.0116457346811156,-0.0607288072176979,0.0284890213586022,-0.049910548044376,0.00094316729987994,-0.0273834446344906,0.0112699976446617,0.0486883766929775,-0.0132201386673053,-0.00363168797014812,0.0352100473141873,-0.031276857964841,-0.00866894526577466,-0.0382779473661392,-0.104244390436203,-0.0737945561350162,-0.163684786752732,-0.0260745835322516,-0.113907911107984,0.0154748504289647,0.0457176236691821,-0.0699912473201176,-0.0560362517505777,0.0569757568954557,6,6,0.01222772344692,0.0840069018684324
"32283","SPC29-TRg-1","AAAGATCCAAAGTGGCTTGT","R2877.H.022",14,"A","SPC29",0,"A27",-0.0182080128857034,-0.0183877203267817,-0.0107055042156314,0.0755376809197716,0.0362861650188655,0.0537263007154107,-0.0157670791427055,0.055183382218016,0.00438437330161147,0.0196662830755763,0.0197081515376552,0.012790330401617,0.0408972438911524,-0.186319287868044,-0.0894709241440816,-0.142552211479478,-0.070048598844525,0.0354134211072195,-0.0105420955375499,-0.139447474497201,-0.0150590910916185,0.0484987724875494,0.0528759099184321,-0.0772532827944099,-0.0797597614943033,0.0818592578202171,-0.168111274982341,-0.0710832038172999,-0.131846707263847,-0.145586279764297,-0.000872743911646046,-0.0642683962529607,-0.123680395354496,-0.0702424733096344,0.0490268103811849,0.0725414988972064,-0.0969614343320651,-0.101464955540573,0.06263419459931,6,6,0.00616736401425691,0.0612893618246458
"34209","SPT5-TRg-10","AAAAAACTCGGAAGGTATTT","R2877.H.023",17,"E","SPT5",0,"I33",-0.00437669461397872,0.0108004403473601,-0.00345478594086868,0.0362815042041393,0.0177163507653166,0.0139514807228986,0.000989653264170887,0.0226497785641182,0.00850888572576588,0.0119545606172992,0.0118197159141445,0.0123759605351293,0.0150623162475615,-0.000813181883646763,-0.0154854240786091,-0.0494463863941337,-0.1241775183786,-0.158207518855346,-0.112292741694388,-0.0219149974521298,-0.131559259642778,0.0249459757388607,0.0238308469950937,-0.076737128547454,-0.0808695640442607,0.0638955683833116,0.00356351273033195,-0.0262858644259691,-0.045991600453265,-0.16045902258274,-0.175923869620663,-0.126244222417286,-0.0229046507163007,-0.154209038206896,0.0249499852759999,0.0254226978325807,-0.0885568444615985,-0.0861179114352757,0.0753643070984393,6,6,0.0172825828168484,0.0998016160727624
"14723","SRP72-NRg-1","TTCCTCTTTTCTTTCGACAA","R2877.H.010",18,"J","SRP72",0,"S35",0.00583655065235011,1.12416122497461e-05,0.0277496921616531,0.0269873777989995,-0.00142694775957364,0.0269037393631493,0.0111991614754177,0.017488056467525,0.0146261275069714,0.0163809275540294,0.0143436089714714,0.0163701450077497,0.0143097315634761,-0.00290195176062502,-0.0274054249965614,-0.00161059355009341,-0.144820799249715,-0.145089730653801,-0.0701767298455511,-0.0106393234357599,-0.120029086583022,0.0145342190250219,0.0431736167726899,-0.0653342050093911,-0.0487910774210563,0.0664824636094753,-0.00873850241297514,-0.0274166666088111,-0.0293602857117465,-0.171808177048714,-0.143662782894227,-0.0970804692087004,-0.0218384849111776,-0.137517143050547,0.0113864643280622,0.0377410154417152,-0.0796778139808624,-0.0632203774602235,0.0680887649415376,6,6,0.0163062685752418,0.0974862667204436
"26019","SUI1-TRg-5","GGATAAAAGCAAACTGCAAA","R2877.H.017",2,"P","SUI1",0,"AE3",0.175374160058354,0.189932287924388,0.0196221624755688,0.134358219650224,0.0934539599890263,0.0996946739546649,0.128309536819437,0.109168951197972,0.0944070642381387,0.0220365846167223,0.118739244008704,0.117026446802445,0.0622031393197594,-0.0529527965074137,0.0345421752494226,-0.0648463512798738,0.0403856237894464,-0.0816685660681538,0.00363155281455363,-0.0277523241792883,-0.0125504631547179,0.0542753871988641,0.0626154896656658,-0.0201513936670031,-0.02466062184643,0.0530653922462295,-0.228326956565768,-0.155390112674965,-0.0844685137554426,-0.093972595860778,-0.17512252605718,-0.0960631211401113,-0.156061860998725,-0.12171941435269,0.071931573917931,0.0462602618753675,-0.138890637675708,-0.125726616907538,0.057266799758028,6,6,0.00107631112422247,0.0258495083789245
"10291","SWI6-NRg-2","TATTATGAAATCGTTGGAGA","R2877.H.007",10,"L","SWI6",0,"W19",0.0378239294088092,0.0181457109414076,0.0217716983405467,-0.00978153846938445,0.0142215367266418,-0.0295672247254382,0.0259137795635878,-0.00837574215606026,0.010472616585954,0.0219282034109662,0.00876901870376379,0.0161836238340247,0.0242680883285913,-0.0501863137643266,-0.0645566503459383,-0.012756445423652,-0.200666654445942,-0.0909798660077215,-0.0190737666485683,-0.0424998031779723,-0.103573429034077,0.0267418612150186,0.0914491257307664,-0.0730366161060248,-0.0573714820551324,0.0689218704609022,-0.0880102431731358,-0.0827023612873459,-0.0345281437641987,-0.190885115976558,-0.105201402734363,0.0104934580768699,-0.0684135827415601,-0.0951976868780171,0.0294654141926554,0.101061309461875,-0.0818056348097886,-0.0853563022302408,0.0681751863348771,6,6,0.0151139069050545,0.0929806721222233
"29389","TAF13-TRg-1","ACATGAAATCCAAAAGGTAA","R2877.H.020",7,"C","TAF13",0,"E13",0.0412393299956342,0.0136447449763315,0.0271510254500134,0.0461512355087614,0.0300043387121283,0.0262299664810417,0.027345033473993,0.0341285135673105,0.0137983154744305,0.0105816281164944,0.0307367735206517,0.0285776820810708,0.0116082051181053,-0.110659381023934,0.0299460883326805,-0.0390015594305138,-0.0837898864788853,-0.0495791068511742,0.00435815961290764,-0.0399049507072557,-0.0430036112390506,0.0703070877657269,0.0444403798854038,-0.0414542809731531,-0.044290333140844,0.0526316833372261,-0.151898711019568,0.016301343356349,-0.0661525848805271,-0.129941121987647,-0.0795834455633024,-0.0218718068681341,-0.0672499841812487,-0.0771321248063611,0.084105396895409,0.0540763436975004,-0.0721910544938049,-0.0728680152219148,0.0634703435066341,6,6,0.0168398101814954,0.0986457773893097
"6371","TAF13-TRg-5","TAAAAGAGATGCTTTTCGCA","R2877.H.005",18,"C","TAF13",0,"E35",0.0060675835886872,-0.0147438950862571,-0.0335332231003376,0.00615490634036564,-0.00687899477121801,0.0769870135735147,-0.0140698448659691,0.0254209750475541,0.0198090062946121,0.0451305095416867,0.00567556509079248,-0.000405705591265404,0.0379410240502493,-0.0834216154144225,-0.0525949534191339,-0.0684093225454192,-0.0444583029822012,-0.0980405067079242,-0.0490374454800779,-0.0681419637929919,-0.0638454183900678,0.0154150699956185,0.0297021915909157,-0.0659936910915298,-0.0605021379822765,0.0212949740086512,-0.0894891990031097,-0.0378510583328768,-0.0348760994450816,-0.0506132093225669,-0.0911615119367062,-0.126024459053593,-0.0540721189270227,-0.0892663934376219,0.0307081384315785,0.0377413268459518,-0.0716692561823223,-0.0700512041628383,0.0363118451019581,6,6,0.00168206189131882,0.0314770786984243
"19211","TFC1-NRg-6","CACAGCAGAGCTTAAAGATG","R2877.H.013",6,"I","TFC1",0,"Q11",0.0169442192152771,-0.0135870572884487,0.0280085257915619,-0.0351742765783205,0.0114882125708484,-0.0296493916265719,0.0104552292394634,-0.017778485211348,0.0215436388783597,0.0254957994135961,-0.00366162798594227,-0.00104942235880012,0.0261688451226031,-0.0375082823298589,-0.0461608936254598,-0.0795972178905742,-0.190839712649464,-0.175812886623944,-0.18830915013102,-0.0544221312819643,-0.184987249801476,0.0222273628636293,0.00804534905705651,-0.11970469054172,-0.127705052257259,0.0730594851660807,-0.054452501545136,-0.0325738363370112,-0.107605743682136,-0.155665436071144,-0.187301099194792,-0.158659758504448,-0.0648773605214277,-0.167208764590128,0.0385869802325672,0.0174647623547529,-0.116043062555778,-0.13163558987664,0.0621216875546059,6,6,0.00311420741292757,0.0426593955721855
"24593","THI80-NRg-2","TATGCACTATGAGGAAATAA","R2877.H.017",9,"A","THI80",0,"A17",0.0559959051624421,0.199901579929384,-0.00715407016753655,0.0797905355672355,0.0116048605567181,0.0536351327828615,0.08291447164143,0.048343509635605,0.106120061605841,0.034399455312685,0.0656289906385175,0.0548155189726518,0.0730510877716218,-0.075553724337365,0.000645440343804093,-0.0522944669832528,-0.197803375394616,-0.107083009054911,0.0134779767441096,-0.0424009169922712,-0.0971361359018057,0.0390511193577728,0.10599130933494,-0.0697685264470385,-0.0639240956603089,0.077475430220002,-0.131549629499807,-0.19925613958558,-0.0451403968157162,-0.277593910961851,-0.118687869611629,-0.0401571560387519,-0.125315388633701,-0.145479645537411,0.0772467789733604,0.120964468295636,-0.135397517085556,-0.125118749555718,0.0914426932984025,6,6,0.00900213357556016,0.0732627395871308
"20363","TIM10-NRg-2","ATCTGTTAAAAGACATGAGA","R2877.H.014",6,"E","TIM10",0,"I11",0.0481722253634038,0.0136554320933953,0.06311560302556,0.0443545191137065,0.033559123719014,0.0250632895067489,0.0416477534941197,0.0343256441131565,0.0253673742637969,0.00966843058996995,0.0379866988036381,0.0389568214163603,0.0176317008986962,-0.070647776493896,-0.0402402321117812,-0.109414143021128,0.0152119210010715,-0.0237070586665864,-0.00693931415774451,-0.0734340505422684,-0.00514481727441981,0.0346710250775491,0.019521447407687,-0.0392894339083441,-0.0319736453891838,0.0450809557310051,-0.1188200018573,-0.0538956642051764,-0.172529746046688,-0.029142598112635,-0.0572661823856004,-0.0320026036644934,-0.115081804036388,-0.0394704613875763,0.0594053190868108,0.0154777476500557,-0.0772761327119822,-0.0555809232953884,0.0567674518046799,6,6,0.008823864123358,0.0724621819173474
"30257","TRA1-TRg-3","ACGTGGTCAGACAGTTTTCC","R2877.H.020",9,"L","TRA1",0,"W17",0.0638565600712544,0.0358787304306305,0.0560469790806708,0.0101321557224232,0.0249954057407717,0.022691951107398,0.0519274231941852,0.0192731708568643,0.0144366822149811,0.00799969337400276,0.0356002970255248,0.0304370680857011,0.0207088197079069,-0.0120992441104906,-0.0157935788048222,-0.0149439385785919,-0.0870340690930727,-0.123324054665692,0.0246353654106137,-0.0142789204979682,-0.0619075861160502,0.00193486795262699,0.0771135695414569,-0.0380932533070092,-0.0153687586917071,0.0553231006464334,-0.075955804181745,-0.0516723092354527,-0.0709909176592627,-0.0971662248154959,-0.148319460406463,0.00194341430321576,-0.0662063436921535,-0.0811807569729145,0.0128293079601631,0.0763962320118855,-0.073693550332534,-0.0734733609205038,0.0496755481023725,6,6,0.0059619243870984,0.0602776068255803
"12029","TRL1-NRg-1","GCTCTTCTGTATACTTTCTT","R2877.H.008",15,"N","TRL1",0,"AA29",0.0173066277771472,0.0283916111721705,0.0130150847247243,0.013313667687054,-0.00705148495038577,0.0569232904909058,0.0195711078913473,0.0210618244091914,0.0079344372225104,0.0326836109179207,0.0203164661502693,0.0153101477321006,0.0212869950295894,-0.0655258449028109,0.00198739955592497,-0.0620390477670778,-0.114543478502839,-0.115726921749522,-0.0722271267107355,-0.0418591643713212,-0.100832508987699,0.0380122390124024,0.0247800535892871,-0.0713458366795101,-0.0688764858067732,0.0432082071002974,-0.0828324726799581,-0.0264042116162455,-0.0750541324918022,-0.127857146189893,-0.108675436799136,-0.129150417201641,-0.0614302722626686,-0.12189433339689,0.0305817647843588,0.0114661483473764,-0.0916623028297795,-0.0957539547395472,0.0390314945236898,6,6,0.000945068585744613,0.0240844401694745
"24039","TRL1-TRg-7","ATAAAACCAGAACACTTTAA","R2877.H.016",20,"K","TRL1",0,"U39",-0.0158737118602856,0.0243209023497808,0.0247531657725959,0.0427262251759577,0.0330823336659269,0.0413644998985372,0.011066785420697,0.0390576862468073,0.0233321560989689,0.00521940636300398,0.0250622358337521,0.0289177497192614,0.0215336908847663,-0.0319580589723274,-0.0811223529731628,-0.0931698736838369,-0.109294948446806,0.013380870049627,0.0191283441486629,-0.0687500952097757,-0.0255952447495055,0.0324272437418263,0.0725430125090746,-0.0471726699796406,-0.0565402059727451,0.0555365488278477,-0.0160843471120418,-0.105443255322944,-0.117923039456433,-0.152021173622764,-0.0197014636163,-0.0222361557498743,-0.0798168806304727,-0.0646529309963128,0.0555455950054824,0.0756737307840631,-0.0722349058133928,-0.0638397055364089,0.0599475960541286,6,6,0.0135244932866687,0.0882451803120269
"34211","TRR1-TRg-11","TCACTTTGCCTAGCCATTTG","R2877.H.023",18,"E","TRR1",0,"I35",0.0131532403154255,0.00883714196386998,0.00548372897046523,0.0202642009424419,0.00425609386325676,0.0111083042790947,0.00915803708325358,0.0118761996949311,0.00384481226145723,0.00803163249855911,0.0105171183890923,0.00997272312148234,0.00582515262994555,-0.0449605694739477,-0.0281935125067738,-0.0548300910621426,-0.15761507169476,-0.112958015795126,-0.0689422102490149,-0.042661391014288,-0.113171765912967,0.0134663096457829,0.0443368171622495,-0.0779165784636275,-0.0618861506555788,0.0484804272993506,-0.0581138097893732,-0.0370306544706438,-0.0603138200326079,-0.177879272637202,-0.117214109658383,-0.0800505145281096,-0.0518194280975416,-0.125047965607898,0.0128546054123923,0.0493826229818764,-0.0884336968527199,-0.0701821672803588,0.0514808638711812,6,6,0.00371270432662771,0.0470110418932972
"13677","TRS130-NRg-3","ACACGTTGTAAATTCACCAA","R2877.H.009",23,"O","TRS130",0,"AC45",-0.0215013586315418,0.0302385919007073,-0.0151491270935891,-0.0174440179501303,0.00488272981930304,-0.025721817458856,-0.00213729794147451,-0.0127610351965611,0.0282176610243082,0.0158305819263835,-0.0074491665690178,-0.0162965725218597,0.0212743184404064,-0.157905616052502,-0.0692012951654715,-0.063659528373196,-0.0346053425969295,-0.0294150088858678,-0.136467564853557,-0.0969221465303898,-0.0668293054454514,0.0528858720360248,0.0603643128930579,-0.0818757259879206,-0.0664304117693337,0.0533664690437143,-0.13640425742096,-0.0994398870661788,-0.0485104012796069,-0.0171613246467992,-0.0342977387051708,-0.110745747394701,-0.0947848485889153,-0.0540682702488903,0.044131445979798,0.0498263633371471,-0.0744265594189028,-0.0739751441728929,0.0476387691757996,6,6,0.00483757429112452,0.0537166416341618
"34401","VPS20-NRg-3","TTTCGGTCTTTCTGCTCTTC","R2877.H.023",17,"G","VPS20",0,"M33",-0.00432263997833338,-0.00497993073131209,-0.0139783226884607,0.0147093676041794,0.00465540222983485,0.0251222999752896,-0.00776029779936871,0.0148290232697679,0.00539498683265428,0.0102339735166481,0.00353436273519962,0.000166381125750736,0.0143742570818443,-0.0395398295388327,-0.0347348849963924,-0.0277906151240215,-0.10468012720116,-0.158309889516566,-0.142218934926709,-0.0340217765530822,-0.135069650548145,0.00590697914167998,0.0275203933810168,-0.0845457135506137,-0.0721099783699966,0.0581386930834114,-0.0352171895604994,-0.0297549542650803,-0.0138122924355608,-0.11938949480534,-0.162965291746401,-0.167341234901999,-0.0262614787537135,-0.149898673817913,0.0111218561217852,0.0265121617873985,-0.0880800762858133,-0.0773033421829196,0.0701176366080378,6,6,0.013357487640395,0.0878910907039898
"33801","YCS4-TRg-5","GGCCTTTGTCAATTGCACTT","R2877.H.023",5,"A","YCS4",0,"A9",0.030087525868695,0.0262078578566431,-0.0431685176343879,0.0212114225722904,0.0400874145677488,0.0321753157578966,0.00437562203031675,0.0311580509659786,0.0412201027208041,0.00947902364148384,0.0177668364981477,0.0281476918626691,0.0305085078775071,-0.098525051625979,-0.116550907136236,-0.025474964885273,-0.182206492424961,-0.104425044590873,-0.0107662052153885,-0.0801836412158294,-0.0991325807437408,0.0482287498915362,0.0858425922826489,-0.0896581109797851,-0.101475048108426,0.0631324312784793,-0.128612577494674,-0.142758764992879,0.0176935527491149,-0.203417914997251,-0.144512459158622,-0.0429415209732851,-0.0845592632461461,-0.130290631709719,0.0888355640461866,0.0811779744864553,-0.107424947477933,-0.135685671243777,0.0801252507697568,6,6,0.0117727573852563,0.0828090345576067
"21331","YDL032W-NRg-13","AGTATGGGACGGGTAACTAT","R2877.H.014",10,"O","YDL032W",0,"AC19",0.0378574040451349,0.00316972242880098,0.0250746773550881,0.0553937278341798,0.0170653756170194,0.0110280141576249,0.0220339346096747,0.0278290392029414,0.0175426167179209,0.024061826153696,0.024931486906308,0.0210700264860537,0.0190987152143566,-0.201706010710752,-0.10161143524133,-0.173790181538759,-0.160160465922419,-0.0253454437099989,-0.0319463136373497,-0.15903587583028,-0.072484074423256,0.0516526684916218,0.0760016782096644,-0.115759975126768,-0.130885950581875,0.075000437326969,-0.239563414755887,-0.104781157670131,-0.198864858893847,-0.215554193756599,-0.0424108193270183,-0.0429743277949746,-0.181069810439955,-0.100313113626197,0.0691307602908428,0.0998021006675944,-0.140691462033076,-0.151823008281989,0.0886132143108611,6,6,0.00690522848783884,0.0654511299794563
"18467","YDL068W-TRg-10","CAGTGATTAACAATCGAAAT","R2877.H.013",18,"A","YDL068W",0,"A35",0.0521388883602625,0.0623662075057076,0.0194607426775872,0.0899725999039651,0.107741716244425,0.0107960215056147,0.0446552795145191,0.0695034458846684,0.0224103330864656,0.0516125627323129,0.0570793626995938,0.0572525479329851,0.0381006729064579,0.0220491303023955,-0.066599243003711,0.00161110936210385,-0.00310666008894622,-0.0859966988862861,-0.0310850423942497,-0.0143130011130705,-0.040062800456494,0.0464200010046733,0.0421679942352523,-0.0271879007847823,-0.017095851241598,0.0420962960639916,-0.030089758057867,-0.128965450509419,-0.0178496333154834,-0.0930792599929113,-0.193738415130712,-0.0418810638998643,-0.0589682806275897,-0.109566246341162,0.060927481541801,0.0772594933962668,-0.084267263484376,-0.0674801619463878,0.0681213708835581,6,6,0.0137403245713376,0.0889986989794461
"34299","YDL163W-TRg-6","ACCAACCTCTGAGATTGTTG","R2877.H.023",14,"F","YDL163W",0,"K27",0.0206354395796571,0.224085149221476,0.0220466829727548,-0.0242716055032004,0.00548859277796487,-0.026372834011916,0.0889224239246294,-0.0150519489123839,0.11705648053069,0.0178196290649153,0.0369352375061228,0.013062016178811,0.0940803092456241,-0.0158585038313395,-0.00789329827510654,-0.0425639769794253,-0.0931994104281832,-0.104535458601568,-0.203669437510999,-0.0221052596952904,-0.133801435513583,0.018159858467851,0.0607723602831129,-0.077953347604437,-0.0678816937038043,0.0731576024847073,-0.0364939434109965,-0.231978447496583,-0.0646106599521801,-0.0689278049249828,-0.110024051379533,-0.177296603499083,-0.11102768361992,-0.1187494866012,0.105685632415317,0.054708765668347,-0.11488858511056,-0.0894759281522579,0.0753849364818753,6,6,0.00732617766285887,0.0674024973637879
"21889","YDR114C-TRg-1","TTAAGAGCATACCGGTTTGT","R2877.H.015",1,"E","YDR114C",0,"I1",0.0770798628937932,0.020746237378916,0.058167370346226,0.125121982935874,0.0331325598093084,0.0380415252454904,0.0519978235396451,0.0654320226635575,0.0286690917498541,0.0517512608870201,0.0587149231016013,0.0481044477958582,0.0381338070731663,-0.154817417219497,0.0517823779741255,-0.120056080243723,-0.269237192771556,-0.114942011325661,-0.119875039189207,-0.0743637064963648,-0.168018081095475,0.110619680019031,0.0876930163544791,-0.12119089379592,-0.119965559716465,0.102966276296703,-0.23189728011329,0.0310361405952095,-0.178223450589949,-0.39435917570743,-0.14807457113497,-0.157916564434697,-0.12636153003601,-0.233450103759032,0.138927103309705,0.139438205971315,-0.179905816897521,-0.168070007512323,0.13761500686342,6,6,0.0165136654822699,0.0979142122845542
"19529","YDR327W-TRg-2","TTTTCTTCTTGTCACTTTTG","R2877.H.013",21,"L","YDR327W",0,"W41",0.0662266366118918,-0.00343453676393657,0.13891072694042,0.0985013283206495,-0.034770481254274,0.058038437828746,0.0672342755961251,0.0405897616317072,0.0711779813355761,0.0683277837531373,0.0539120186139161,0.0621325372203189,0.0640856884270526,-0.0886144627861718,-0.0876316620617041,-0.0497027572310706,0.0429050684646282,-0.0237953942453701,-0.00636054848698531,-0.0753162940263155,0.00424970857742424,0.0221874159082807,0.0345929342158425,-0.0355332927244456,-0.0367490757382204,0.0507425427037407,-0.154841099398064,-0.0841971252977676,-0.188613484171491,-0.0555962598560213,0.0109750870089038,-0.0643989863157313,-0.142550569622441,-0.0363400530542829,0.0532821437419296,0.0412118169665007,-0.0894453113383618,-0.0742980558067494,0.0721052177631333,6,6,0.0141678292745711,0.0900079778842606
"21443","YGL069C-NRg-6","TGAAAAGATTAAGAAAACCT","R2877.H.014",18,"P","YGL069C",0,"AE35",-0.00125337171754758,-0.0278886774820555,0.0507025820105784,0.030091077896726,0.040763725814096,-0.00601340020673424,0.00718684427032512,0.0216138011680293,0.0399696691455044,0.0245137317690175,0.0144003227191772,0.0144188530895892,0.0306894138806239,-0.0788188229794136,-0.000896315264405256,-0.0293123419508929,-0.12673090619576,-0.0604337248799813,-0.0812813746573975,-0.0363424933982373,-0.0894820019110462,0.0394340788427767,0.033900837425044,-0.0629122476546417,-0.0696262739296974,0.0439188746487647,-0.077565451261866,0.0269923622176502,-0.0800149239614714,-0.156821984092486,-0.101197450694077,-0.0752679744506632,-0.0435293376685624,-0.111095803079075,0.0610858624827161,0.0416682991867657,-0.0773125703738189,-0.0787901876116687,0.0596377403610421,6,6,0.0107290461292298,0.0794464549883779
"21339","YGR115C-NRg-4","GAAGAGATCGATGAAGAAAC","R2877.H.014",14,"O","YGR115C",0,"AC27",0.0262626117916771,-2.62216660524839e-05,0.0332609444790994,0.0367825159687807,0.0104364829712151,0.0348495424044739,0.0198324448682414,0.0273561804481566,0.0175504741386429,0.0146847273973163,0.023594312658199,0.0297617781353883,0.015048126913766,-0.150641962631316,-0.00503219381000841,-0.0787436451687729,-0.0690427621167931,-0.0827019484421145,-0.0223625091687485,-0.0781392672033657,-0.0580357399092187,0.0728067658160452,0.0316398148914399,-0.0680875035562922,-0.073893203642783,0.0514004548314776,-0.176904574422993,-0.00500597214395593,-0.112004589647872,-0.105825278085574,-0.0931384314133297,-0.0572120515732224,-0.097971712071607,-0.0853919203573753,0.0868042257391567,0.025215427284508,-0.0916818162144912,-0.0994818547494517,0.0575829132607751,6,6,0.00527098932735829,0.0560630196590011
"21919","YHR050W-A-NRg-4","ACTCAACGTACACACGATAC","R2877.H.015",16,"E","YHR050W",0,"I31",-0.144252414331575,-0.117318771937042,-0.114182932658663,-0.114805148289877,-0.08395337241957,-0.120612676785335,-0.12525137297576,-0.106457065831594,0.016529913836708,0.0197039084877385,-0.115854219403677,-0.116061960113459,0.0192499511367079,-0.201731876636833,-0.231653725298554,-0.221483561291584,-0.231244153898827,-0.203484549874063,-0.260463887636793,-0.218289721075657,-0.231730863803228,0.0152144575429884,0.0284927867690771,-0.225010292439442,-0.226363857595206,0.0217146665142497,-0.0574794623052577,-0.114334953361512,-0.107300628632921,-0.116439005608951,-0.119531177454493,-0.139851210851458,-0.0930383480998968,-0.125273797971634,0.0309950996177453,0.0127187305334389,-0.109156073035765,-0.115386979485231,0.0275811927082288,6,6,9.10037195986013e-05,0.00900960597096523
"34657","YHR050W-A-TRg-1","GAGAAGATCCGCCACAAGAG","R2877.H.023",1,"J","YHR050W",0,"S1",0.0245927797133429,0.0132335597828195,0.0339882077873168,0.0420152591515159,0.00831733901073739,0.0488478379046398,0.0239381824278264,0.033060145355631,0.0103927968638043,0.021698522587266,0.0284991638917287,0.0292904937503299,0.016015539514666,-0.0581994494282241,0.012741482675545,-0.104960535787571,-0.0422863572544285,-0.0238618078323052,-0.135784439707816,-0.0501395008467502,-0.0673108682648499,0.0592635078773181,0.0600111530881411,-0.0587251845558,-0.0502429033413263,0.0541650948680007,-0.082792229141567,-0.000492077107274502,-0.138948743574888,-0.0843016164059445,-0.0321791468430426,-0.184632277612456,-0.0740776832745766,-0.100371013620481,0.0696384922624113,0.0774865047313264,-0.0872243484475288,-0.0835469227737557,0.0674453332279378,6,6,0.0118477045297321,0.0829394664394197
"7411","YIF1-TRg-2","AATTCAAATGACAATAAACT","R2877.H.005",10,"N","YIF1",0,"AA19",0.0133945768785964,0.0166171049301054,-0.00244300009799159,0.112483705445061,0.154941362106517,0.0967565509248074,0.00918956057023671,0.121393872825462,0.0102021332345593,0.0300983616684176,0.0652917166978492,0.0566868279274564,0.0646601907332776,-0.0655132630903323,-0.0223949937418384,0.00581537171434876,-0.0347637371594569,0.0104595571141499,0.0323453462480314,-0.027364295039274,0.00268038873424148,0.0359230288577315,0.0342241707636654,-0.0123419531525163,-0.00828981101374482,0.0354331490785781,-0.0789078399689287,-0.0390120986719438,0.00825837181234035,-0.147247442604518,-0.144481804992367,-0.064411204676776,-0.0365538556095107,-0.11871348409122,0.0436350700502447,0.0470474797417856,-0.0776336698503655,-0.0716595223228523,0.060597485434737,6,6,0.0112776917651681,0.0812331358054273
"34883","YJL015C-TRg-7","TGCCTTTGCAGCAGTGATAT","R2877.H.023",18,"L","YJL015C",0,"W35",-0.0191807310210057,-0.0124521447230688,-0.00278926080704456,-0.0132458642579008,-0.0151883064160547,-0.00772761482359918,-0.0114740455170397,-0.0120539284991849,0.00823939211874395,0.00387053134583785,-0.0117639870081123,-0.0128490044904848,0.0057661353986971,-0.103041559977221,-0.0127595462976942,-0.110798837691235,-0.135970809800147,-0.111912418662549,-0.128642318403317,-0.0755333146553834,-0.125508515622004,0.0545018654245129,0.0123315483997967,-0.100520915138694,-0.111355628176892,0.044701950536543,-0.083860828956215,-0.000307401574625388,-0.108009576884191,-0.122724945542246,-0.0967241122464946,-0.120914703579718,-0.0640592691383438,-0.113454587122819,0.056515625892479,0.0145172599405407,-0.0887569281305816,-0.102366844565343,0.0457588893453085,6,6,0.00218789660613177,0.0358438372561331
"28935","YJR120W-NRg-1","AAAGGAAATACATATATATG","R2877.H.019",20,"N","YJR120W",0,"AA39",0.0369600338050928,0.00105033109737995,0.0156722645061058,0.0507245994743879,0.036462662476251,0.0148034001932671,0.0178942098028595,0.033996887381302,0.0180576706087858,0.0180870996724918,0.0259455485920808,0.0260674634911784,0.0184140686571383,-0.0594628876186483,-0.0980834475905374,-0.0621225389486848,-0.0442896260123631,-0.0755814528527561,-0.0483369276845391,-0.0732229580526235,-0.0560693355165528,0.0215708458653778,0.0170187310018322,-0.0646461467845881,-0.0607927132836665,0.019754732808551,-0.0964229214237411,-0.0991337786879174,-0.0777948034547906,-0.095014225486751,-0.112044115329007,-0.0631403278778062,-0.091117167855483,-0.0900662228978548,0.0116168511953675,0.0248245272660498,-0.0905916953766689,-0.095718573455246,0.017344010489574,6,6,2.01990752373308e-05,0.00544514352273347
"27203","YLR140W-TRg-10","TCACTAGCCCAGATTGGGTA","R2877.H.018",18,"L","YLR140W",0,"W35",0.00442224067869623,0.00402496424537024,-0.00856030752812043,-0.0587608681825975,-0.0294222586246602,-0.041112303443382,-3.77008680179832e-05,-0.0430984767502132,0.00738346635078917,0.0147698058891053,-0.0215680888091156,-0.0189912830763903,0.0257940733971009,-0.196245327306595,-0.231818537074102,-0.172603069787861,-0.142734365680426,-0.136475454319554,-0.233089943795488,-0.200222311389519,-0.170766587931823,0.0298073848782282,0.0540642581326848,-0.185494449660671,-0.184424198547228,0.0422476221060008,-0.200667567985292,-0.235843501319472,-0.164042762259741,-0.0839734974978288,-0.107053195694894,-0.191977640352106,-0.200184610521501,-0.12766811118161,0.0359028058557374,0.0568766628224184,-0.163926360851556,-0.178010201305923,0.0581994785183313,6,6,0.000587630211971585,0.0198143432428996
"4617","YML089C-NRg-4","GCGTTGCATTACGTGGTGTC","R2877.H.004",5,"A","YML089C",0,"A9",0.0322280157663644,0.0384864429945984,-0.0108020121133403,0.0806098192460336,0.0721043654177993,0.0353529096610146,0.0199708155492075,0.0626890314416158,0.0268331356647788,0.0240527202559077,0.0413299234954116,0.0369196763278065,0.0326630372016209,-0.267026321221864,-0.161998181993398,-0.207252973828156,-0.0697314446083661,-0.115524697362488,-0.0320902180798552,-0.212092492347806,-0.0724487866835698,0.052681051736607,0.0417835618904883,-0.142270639515688,-0.138761439677943,0.0875132736333437,-0.299254336988229,-0.200484624987996,-0.196450961714816,-0.1503412638544,-0.187629062780287,-0.0674431277408698,-0.232063307897013,-0.135137818125186,0.058224079233619,0.0615184794745094,-0.1836005630111,-0.192040012247551,0.0754201024796172,6,6,0.00121321754124012,0.027062919966067
"35165","YMR290W-A-TRg-1","TGCCTGAACAGAAGTCATAG","R2877.H.023",15,"O","YMR290W",0,"AC29",0.0232783902114984,-0.0179681995049235,0.00621527868414073,-0.024206371712274,-0.0211972384879939,-0.0111197022080598,0.00384182313023855,-0.0188411041361092,0.0207254736799541,0.00685410508317686,-0.00749964050293535,-0.0145439508564916,0.0185732108993305,-0.0236147846884456,-0.131938538506952,-0.0250976195101553,-0.2076817750607,-0.279743169898139,-0.18721841597204,-0.060216980901851,-0.224881120310293,0.0621171157472198,0.0486011381557292,-0.142549050606072,-0.159578477239496,0.103065640839473,-0.0468931748999439,-0.113970339002029,-0.0313128981942961,-0.183475403348426,-0.258545931410145,-0.176098713763981,-0.0640588040320896,-0.206040016174184,0.0439210342301697,0.045620798309332,-0.135049410103137,-0.145034526383005,0.087474140035172,6,6,0.00758871255492296,0.0683067254354321
"19","YOR022C-TRg-4","AGGTCGAAATCAAGACTGCG","R2877.H.001",10,"A","YOR022C",0,"A19",-0.0209652871369097,0.0103845236613893,0.0282811850890832,0.144814726821131,0.188968944110716,0.0305654278161656,0.00590014053785426,0.121449699582671,0.0249276157238384,0.0817457146706171,0.0636749200602625,0.0294233064526244,0.0832286569380377,-0.0629471465344538,-0.109220239825621,0.0120114836367704,0.0126411070295438,0.0210919466132333,-0.0695866335789384,-0.0533853009077682,-0.0119511933120537,0.0611788718615902,0.0500922863671198,-0.032668247109911,-0.0254678314488417,0.0549169571987827,-0.0419818593975441,-0.119604763487011,-0.0162697014523128,-0.132173619791587,-0.167876997497483,-0.100152061395104,-0.0592854414456225,-0.133400892894724,0.0537967863835717,0.0338791439084591,-0.0963431671701734,-0.109878412441057,0.0571374333508178,6,6,0.00428286845458769,0.0506870595495079
"20077","YPR123C-TRg-2","C","R2877.H.014",7,"B","YPR123C",0,"C13",0.0631476274354281,0.0166986072595743,0.0115640721858166,0.0388317246904204,0.022110559405828,0.0586839437215827,0.0304701022936063,0.0398754092726104,0.0284157764217645,0.0183090160360217,0.0351727557831083,0.0304711420481242,0.0219911006308096,-0.075928459615267,-0.00679970673330033,-0.0609760762984495,-0.043047423720288,-0.0614116622881802,-0.024371146344176,-0.0479014142156723,-0.0429434107842147,0.0363717776605449,0.0185204770286205,-0.0454224124999435,-0.0520117500093688,0.0259565069150341,-0.139076087050695,-0.0234983139928746,-0.072540148484266,-0.0818791484107084,-0.0835222216940081,-0.0830550900657587,-0.0783715165092786,-0.0828188200568251,0.0580091289887516,0.000846634567812139,-0.0805951682830518,-0.0824671192382336,0.0367728688995463,6,6,0.00116468472703145,0.0267456538482213
"34499","YPR136C-NRg-9","GATGGTAAATATGTTGTCAC","R2877.H.023",18,"H","YPR136C",0,"O35",0.0233067354761234,-0.00482795376428102,0.0373699475533331,0.00443613623756112,-0.0135596175792763,0.0313832256203326,0.0186162430883918,0.00741991475953914,0.021486420316849,0.0226195046236057,0.0130180789239655,0.0138714358568423,0.0206622997121349,-0.0422031842284714,-0.0403858187435886,-0.0462258703857796,-0.0933899334458861,-0.0591871764710818,-0.115274240755757,-0.0429382911192799,-0.089283783557575,0.00298861797517685,0.0282680923515769,-0.0661110373384274,-0.0527065234284307,0.0311059183089642,-0.0655099197045947,-0.0355578649793076,-0.0835958179391127,-0.0978260696834472,-0.0456275588918056,-0.14665746637609,-0.0615545342076717,-0.0967036983171141,0.0242620080983431,0.0505243044453233,-0.0791291162623929,-0.0745528688218537,0.0403383102265931,6,6,0.00189188480048801,0.0329881277589966
"34945","YPR136C-TRg-10","CAGTTAAGATTTCGTCATAA","R2877.H.023",1,"M","YPR136C",0,"Y1",0.0927343391971336,-0.0204339182072688,0.00328943701277873,0.0334552906355252,0.00720650305750725,0.0196013455551083,0.0251966193342145,0.0200877130827136,0.0596800393677462,0.0131311510294379,0.022642166208464,0.0134039243063078,0.03874898666344,-0.189717324749133,-0.0172885088295658,-0.113422154252649,-0.136496615277168,-0.0510755199442738,-0.116551494846633,-0.106809329277116,-0.101374543356025,0.0864044051566456,0.0446871992228092,-0.10409193631657,-0.114986824549641,0.0615948688718756,-0.282451663946266,0.00314540937770302,-0.116711591265428,-0.169951905912693,-0.0582820230017811,-0.136152840401742,-0.13200594861133,-0.121462256438738,0.143411506155442,0.0572660512888283,-0.126734102525034,-0.126432215833585,0.0978358580714859,6,6,0.0147173566008225,0.091909786526452
"15977","YRB2-TRg-5","CTTTTACTTCAGGCATTTCG","R2877.H.011",21,"G","YRB2",0,"M41",0.001563195,-0.029045409,-0.070202383,0.00898766874755652,-0.0251714144742112,0.00642025884747399,-0.0325615323333333,-0.00325449562639357,0.0360117604247547,0.0190239690189805,-0.0179080139798635,-0.0118041097371056,0.0303508489932753,-0.00946377696012224,-0.0511857871252683,-0.148093796643028,-0.106317489219424,-0.111636766433991,-0.133624442371596,-0.0695811202428061,-0.117192899341671,0.0711221611011616,0.0144765459374666,-0.0933870097922383,-0.108977127826708,0.0527942925464428,-0.0110269719601222,-0.0221403781252683,-0.0778914136430278,-0.115305157966981,-0.0864653519597796,-0.14004470121907,-0.0370195879094728,-0.113938403715277,0.0358295486050752,0.0268158102553453,-0.0754789958123749,-0.0821783828014037,0.0507551865393855,6,6,0.00602312181026038,0.0606197980670312
